"Settlement Date","Issue Name","Symbol","Market","Current Short","Previous Short","Chg","% Change from Previous","Avg Daily Vol","Days to Cover","Revision Flag"
"2025-09-15","Amplitech Group, Inc. Common S","AMPG","SC","947927","1046575","-98648","-9.43","728611","1.3",
"2025-08-29","Amplitech Group, Inc. Common S","AMPG","SC","1046575","606290","440285","72.62","843508","1.24",
"2025-08-15","Amplitech Group, Inc. Common S","AMPG","SC","606290","340281","266009","78.17","940516","1",
"2025-07-31","Amplitech Group, Inc. Common S","AMPG","SC","340281","346174","-5893","-1.7","711277","1",
"2025-07-15","Amplitech Group, Inc. Common S","AMPG","SC","346174","357557","-11383","-3.18","284600","1.22",
"2025-06-30","Amplitech Group, Inc. Common S","AMPG","SC","357557","332892","24665","7.41","167912","2.13",
"2025-06-13","Amplitech Group, Inc. Common S","AMPG","SC","332892","389364","-56472","-14.5","185879","1.79",
"2025-05-30","Amplitech Group, Inc. Common S","AMPG","SC","389364","437766","-48402","-11.06","493868","1",
"2025-05-15","Amplitech Group, Inc. Common S","AMPG","SC","437766","532108","-94342","-17.73","237666","1.84",
"2025-04-30","Amplitech Group, Inc. Common S","AMPG","SC","532108","413136","118972","28.8","485217","1.1",
"2025-04-15","Amplitech Group, Inc. Common S","AMPG","SC","413136","466098","-52962","-11.36","127884","3.23",
"2025-03-31","Amplitech Group, Inc. Common S","AMPG","SC","466098","407852","58246","14.28","281639","1.65",
"2025-03-14","Amplitech Group, Inc. Common S","AMPG","SC","407852","412173","-4321","-1.05","264487","1.54",
"2025-02-28","Amplitech Group, Inc. Common S","AMPG","SC","412173","454224","-42051","-9.26","394879","1.04",
"2025-02-14","Amplitech Group, Inc. Common S","AMPG","SC","454224","573712","-119488","-20.83","804437","1",
"2025-01-31","Amplitech Group, Inc. Common S","AMPG","SC","573712","508866","64846","12.74","1471165","1",
"2025-01-15","Amplitech Group, Inc. Common S","AMPG","SC","508866","896404","-387538","-43.23","5564742","1",
"2024-12-31","Amplitech Group, Inc. Common S","AMPG","SC","896404","2294174","-1397770","-60.93","10704236","1",
"2024-12-13","Amplitech Group, Inc. Common S","AMPG","SC","2294174","114349","2179825","1906.29","32259716","1",
"2024-11-29","Amplitech Group, Inc. Common S","AMPG","SC","114349","48509","65840","135.73","412772","1",
"2024-11-15","Amplitech Group, Inc. Common S","AMPG","SC","48509","53270","-4761","-8.94","44557","1.09",
"2024-10-31","Amplitech Group, Inc. Common S","AMPG","SC","53270","70230","-16960","-24.15","54868","1",
"2024-10-15","Amplitech Group, Inc. Common S","AMPG","SC","70230","32036","38194","119.22","24849","2.83",
"2024-09-30","Amplitech Group, Inc. Common S","AMPG","SC","32036","53148","-21112","-39.72","30531","1.05",
"2024-09-13","Amplitech Group, Inc. Common S","AMPG","SC","53148","33318","19830","59.52","49232","1.08",
"2024-08-30","Amplitech Group, Inc. Common S","AMPG","SC","33318","74425","-41107","-55.23","109678","1",
"2024-08-15","Amplitech Group, Inc. Common S","AMPG","SC","74425","65690","8735","13.3","23200","3.21",
"2024-07-31","Amplitech Group, Inc. Common S","AMPG","SC","65690","42632","23058","54.09","26156","2.51",
"2024-07-15","Amplitech Group, Inc. Common S","AMPG","SC","42632","32953","9679","29.37","30071","1.42",
"2024-06-28","Amplitech Group, Inc. Common S","AMPG","SC","32953","37784","-4831","-12.79","28557","1.15",
"2024-06-14","Amplitech Group, Inc. Common S","AMPG","SC","37784","74253","-36469","-49.11","29316","1.29",
"2024-05-31","Amplitech Group, Inc. Common S","AMPG","SC","74253","64665","9588","14.83","163802","1",
"2024-05-15","Amplitech Group, Inc. Common S","AMPG","SC","64665","58918","5747","9.75","16402","3.94",
"2024-04-30","Amplitech Group, Inc. Common S","AMPG","SC","58918","76251","-17333","-22.73","11378","5.18",
"2024-04-15","Amplitech Group, Inc. Common S","AMPG","SC","76251","61011","15240","24.98","30795","2.48",
"2024-03-28","Amplitech Group, Inc. Common S","AMPG","SC","61011","61781","-770","-1.25","12846","4.75",
"2024-03-15","Amplitech Group, Inc. Common S","AMPG","SC","61781","61365","416","0.68","26837","2.3",
"2024-02-29","Amplitech Group, Inc. Common S","AMPG","SC","61365","62127","-762","-1.23","26619","2.31",
"2024-02-15","Amplitech Group, Inc. Common S","AMPG","SC","62127","75299","-13172","-17.49","11357","5.47",
"2024-01-31","Amplitech Group, Inc. Common S","AMPG","SC","75299","67608","7691","11.38","30804","2.44",
"2024-01-12","Amplitech Group, Inc. Common S","AMPG","SC","67608","72057","-4449","-6.17","18294","3.7",
"2023-12-29","Amplitech Group, Inc. Common S","AMPG","SC","72057","68134","3923","5.76","56891","1.27",
"2023-12-15","Amplitech Group, Inc. Common S","AMPG","SC","68134","64656","3478","5.38","19520","3.49",
"2023-11-30","Amplitech Group, Inc. Common S","AMPG","SC","64656","75836","-11180","-14.74","28500","2.27",
"2023-11-15","Amplitech Group, Inc. Common S","AMPG","SC","75836","63844","11992","18.78","30395","2.5",
"2023-10-31","Amplitech Group, Inc. Common S","AMPG","SC","63844","62878","966","1.54","15509","4.12",
"2023-10-13","Amplitech Group, Inc. Common S","AMPG","SC","62878","71691","-8813","-12.29","17348","3.62",
"2023-09-29","Amplitech Group, Inc. Common S","AMPG","SC","71691","71495","196","0.27","29098","2.46",
"2023-09-15","Amplitech Group, Inc. Common S","AMPG","SC","71495","81399","-9904","-12.17","17932","3.99",
"2023-08-31","Amplitech Group, Inc. Common S","AMPG","SC","81399","95092","-13693","-14.4","38136","2.13",
"2023-08-15","Amplitech Group, Inc. Common S","AMPG","SC","95092","95991","-899","-0.94","29326","3.24",
"2023-07-31","Amplitech Group, Inc. Common S","AMPG","SC","95991","103422","-7431","-7.19","21754","4.41",
"2023-07-14","Amplitech Group, Inc. Common S","AMPG","SC","103422","111107","-7685","-6.92","24635","4.2",
"2023-06-30","Amplitech Group, Inc. Common S","AMPG","SC","111107","102820","8287","8.06","52846","2.1",
"2023-06-15","Amplitech Group, Inc. Common S","AMPG","SC","102820","103424","-604","-0.58","59002","1.74",
"2023-05-31","Amplitech Group, Inc. Common S","AMPG","SC","103424","136549","-33125","-24.26","94732","1.09",
"2023-05-15","Amplitech Group, Inc. Common S","AMPG","SC","136549","120278","16271","13.53","52092","2.62",
"2023-04-28","Amplitech Group, Inc. Common S","AMPG","SC","120278","106679","13599","12.75","90571","1.33",
"2023-04-14","Amplitech Group, Inc. Common S","AMPG","SC","106679","89377","17302","19.36","97505","1.09",
"2023-03-31","Amplitech Group, Inc. Common S","AMPG","SC","89377","88031","1346","1.53","37487","2.38",
"2023-03-15","Amplitech Group, Inc. Common S","AMPG","SC","88031","106057","-18026","-17","80340","1.1",
"2023-02-28","Amplitech Group, Inc. Common S","AMPG","SC","106057","101922","4135","4.06","30751","3.45",
"2023-02-15","Amplitech Group, Inc. Common S","AMPG","SC","101922","114746","-12824","-11.18","76181","1.34",
"2023-01-31","Amplitech Group, Inc. Common S","AMPG","SC","114746","116808","-2062","-1.77","42393","2.71",
"2023-01-13","Amplitech Group, Inc. Common S","AMPG","SC","116808","161680","-44872","-27.75","11241","10.39",
"2022-12-30","Amplitech Group, Inc. Common S","AMPG","SC","161680","147221","14459","9.82","29223","5.53",
"2022-12-15","Amplitech Group, Inc. Common S","AMPG","SC","147221","161588","-14367","-8.89","29489","4.99",
"2022-11-30","Amplitech Group, Inc. Common S","AMPG","SC","161588","192100","-30512","-15.88","37951","4.26",
"2022-11-15","Amplitech Group, Inc. Common S","AMPG","SC","192100","204794","-12694","-6.2","69310","2.77",
"2022-10-31","Amplitech Group, Inc. Common S","AMPG","SC","204794","176682","28112","15.91","54150","3.78",
"2022-10-14","Amplitech Group, Inc. Common S","AMPG","SC","176682","163195","13487","8.26","27260","6.48",
"2022-09-30","Amplitech Group, Inc. Common S","AMPG","SC","163195","130061","33134","25.48","32665","5",
"2022-09-15","Amplitech Group, Inc. Common S","AMPG","SC","130061","134495","-4434","-3.3","29149","4.46",
"2022-08-31","Amplitech Group, Inc. Common S","AMPG","SC","134495","112793","21702","19.24","182810","1",
"2022-08-15","Amplitech Group, Inc. Common S","AMPG","SC","112793","174677","-61884","-35.43","257013","1",
"2022-07-29","Amplitech Group, Inc. Common S","AMPG","SC","174677","212487","-37810","-17.79","29917","5.84",
"2022-07-15","Amplitech Group, Inc. Common S","AMPG","SC","212487","251364","-38877","-15.47","27436","7.74",
"2022-06-30","Amplitech Group, Inc. Common S","AMPG","SC","251364","274396","-23032","-8.39","28209","8.91",
"2022-06-15","Amplitech Group, Inc. Common S","AMPG","SC","274396","372210","-97814","-26.28","60582","4.53",
"2022-05-31","Amplitech Group, Inc. Common S","AMPG","SC","372210","127046","245164","192.97","155696","2.39",
"2022-05-13","Amplitech Group, Inc. Common S","AMPG","SC","127046","340197","-213151","-62.66","77077","1.65",
"2022-04-29","Amplitech Group, Inc. Common S","AMPG","SC","340197","350880","-10683","-3.04","26402","12.89",
"2022-04-14","Amplitech Group, Inc. Common S","AMPG","SC","350880","259805","91075","35.06","146904","2.39",
"2022-03-31","Amplitech Group, Inc. Common S","AMPG","SC","259805","263551","-3746","-1.42","275777","1",
"2022-03-15","Amplitech Group, Inc. Common S","AMPG","SC","263551","285919","-22368","-7.82","105401","2.5",
"2022-02-28","Amplitech Group, Inc. Common S","AMPG","SC","285919","307790","-21871","-7.11","136645","2.09",
"2022-02-15","Amplitech Group, Inc. Common S","AMPG","SC","307790","149643","158147","105.68","78428","3.92",
"2022-01-31","Amplitech Group, Inc. Common S","AMPG","SC","149643","316217","-166574","-52.68","179899","1",
"2022-01-14","Amplitech Group, Inc. Common S","AMPG","SC","316217","253843","62374","24.57","88718","3.56",
"2021-12-31","Amplitech Group, Inc. Common S","AMPG","SC","253843","279048","-25205","-9.03","257977","1",
"2021-12-15","Amplitech Group, Inc. Common S","AMPG","SC","279048","284512","-5464","-1.92","127314","2.19",
"2021-11-30","Amplitech Group, Inc. Common S","AMPG","SC","284512","267661","16851","6.3","970381","1",
"2021-11-15","Amplitech Group, Inc. Common S","AMPG","SC","267661","190416","77245","40.57","1073601","1",
"2021-10-29","Amplitech Group, Inc. Common S","AMPG","SC","190416","221943","-31527","-14.2","204949","1",
"2021-10-15","Amplitech Group, Inc. Common S","AMPG","SC","221943","236769","-14826","-6.26","340003","1",
"2021-09-30","Amplitech Group, Inc. Common S","AMPG","SC","236769","251846","-15077","-5.99","107653","2.2",
"2021-09-15","Amplitech Group, Inc. Common S","AMPG","SC","251846","287638","-35792","-12.44","66725","3.77",
"2021-08-31","Amplitech Group, Inc. Common S","AMPG","SC","287638","263650","23988","9.1","112372","2.56",
"2021-08-13","Amplitech Group, Inc. Common S","AMPG","SC","263650","330125","-66475","-20.14","88639","2.97",
"2021-07-30","Amplitech Group, Inc. Common S","AMPG","SC","330125","358282","-28157","-7.86","172494","1.91",
"2021-07-15","Amplitech Group, Inc. Common S","AMPG","SC","358282","351716","6566","1.87","199435","1.8",
"2021-06-30","Amplitech Group, Inc. Common S","AMPG","SC","351716","191489","160227","83.67","440997","1",
"2021-06-15","Amplitech Group, Inc. Common S","AMPG","SC","191489","105417","86072","81.65","476226","1",
"2021-05-28","Amplitech Group, Inc. Common S","AMPG","SC","105417","123687","-18270","-14.77","171339","1",
"2021-05-14","Amplitech Group, Inc. Common S","AMPG","SC","123687","212423","-88736","-41.77","372892","1",
"2021-04-30","Amplitech Group, Inc. Common S","AMPG","SC","212423","545905","-333482","-61.09","599542","1",
"2021-04-15","Amplitech Group, Inc. Common S","AMPG","SC","545905","450302","95603","21.23","1415375","1",
"2021-03-31","Amplitech Group, Inc. Common S","AMPG","SC","450302","325889","124413","38.18","746369","1",
"2021-03-15","Amplitech Group, Inc. Common S","AMPG","SC","325889","170666","155223","90.95","1418472","1",
"2021-02-26","Amplitech Group, Inc. Common S","AMPG","SC","170666","94387","76279","80.82","706518","1","R"
"2021-02-12","Amplitech Group Inc. Com","AMPG","OTC","94387","21664","72723","335.69","447102","1",
"2021-01-29","Amplitech Group Inc. Com","AMPG","OTC","21664","33699","-12035","-35.71","883491","1",
"2021-01-15","Amplitech Group Inc. Com","AMPG","OTC","33699","1233","32466","2633.09","1133774","1",
"2020-12-31","Amplitech Group Inc. Com","AMPG","OTC","1233","4357","-3124","-71.7","605017","1",
"2020-12-15","Amplitech Group Inc. Com","AMPG","OTC","4357","4766","-409","-8.58","1355943","1",
"2020-11-30","Amplitech Group Inc. Com","AMPG","OTC","4766","2207","2559","115.95","930109","1",
"2020-11-13","Amplitech Group Inc. Com","AMPG","OTC","2207","2798","-591","-21.12","327281","1",
"2020-10-30","Amplitech Group Inc. Com","AMPG","OTC","2798","4638","-1840","-39.67","491175","1",
"2020-10-15","Amplitech Group Inc. Com","AMPG","OTC","4638","0","4638","100","70916","1",
"2020-09-15","Amplitech Group Inc. Com","AMPG","OTC","24550","8460","16090","190.19","590879","1",
"2020-08-31","Amplitech Group Inc. Com","AMPG","OTC","8460","3365","5095","151.41","202025","1",
"2020-08-14","Amplitech Group Inc. Com","AMPG","OTC","3365","3957","-592","-14.96","233449","1",
"2020-07-31","Amplitech Group Inc. Com","AMPG","OTC","3957","62077","-58120","-93.63","222148","1",
"2020-07-15","Amplitech Group Inc. Com","AMPG","OTC","62077","35300","26777","75.86","905049","1",
"2020-06-30","Amplitech Group Inc. Com","AMPG","OTC","35300","0","35300","100","335703","1",
"2020-01-15","Amplitech Group Inc. Com","AMPG","OTC","2","1538","-1536","-99.87","48511","1",
"2019-12-31","Amplitech Group Inc. Com","AMPG","OTC","1538","3300","-1762","-53.39","73080","1",
"2019-12-13","Amplitech Group Inc. Com","AMPG","OTC","3300","3300","0","0","46388","1",
"2019-11-29","Amplitech Group Inc. Com","AMPG","OTC","3300","13000","-9700","-74.62","43467","1",
"2019-11-15","Amplitech Group Inc. Com","AMPG","OTC","13000","0","13000","100","124581","1",
"2019-06-28","Amplitech Group Inc. Com","AMPG","OTC","2895","0","2895","100","41834","1",
"2019-05-31","Amplitech Group Inc. Com","AMPG","OTC","8667","1000","7667","766.7","229743","1",
"2019-05-15","Amplitech Group Inc. Com","AMPG","OTC","1000","200","800","400","170763","1",
"2019-04-30","Amplitech Group Inc. Com","AMPG","OTC","200","9921","-9721","-97.98","57744","1",
"2019-04-15","Amplitech Group Inc. Com","AMPG","OTC","9921","0","9921","100","156357","1",
"2019-03-15","Amplitech Group Inc. Com","AMPG","OTC","17865","35095","-17230","-49.1","69105","1",
"2019-02-28","Amplitech Group Inc. Com","AMPG","OTC","35095","35595","-500","-1.4","28774","1.22",
"2019-02-15","Amplitech Group Inc. Com","AMPG","OTC","35595","24895","10700","42.98","14364","2.48",
"2019-01-31","Amplitech Group Inc. Com","AMPG","OTC","24895","7965","16930","212.55","81243","1",
"2019-01-15","Amplitech Group Inc. Com","AMPG","OTC","7965","0","7965","100","127183","1",
"2018-12-14","Amplitech Group Inc. Com","AMPG","OTC","25985","20020","5965","29.8","196373","1",
"2018-11-30","Amplitech Group Inc. Com","AMPG","OTC","20020","0","20020","100","77653","1",
"2018-10-31","Amplitech Group Inc. Com","AMPG","OTC","16018","0","16018","100","33541","1",
"2018-09-28","Amplitech Group Inc. Com","AMPG","OTC","15418","0","15418","100","163225","1",
"2018-08-31","Amplitech Group Inc. Com","AMPG","OTC","291","200","91","45.5","66153","1",
"2018-08-15","Amplitech Group Inc. Com","AMPG","OTC","200","0","200","100","272369","1",
"2018-06-29","Amplitech Group Inc. Com","AMPG","OTC","316","1016","-700","-68.9","84881","1",
"2018-06-15","Amplitech Group Inc. Com","AMPG","OTC","1016","755","261","34.57","77717","1",
"2018-05-31","Amplitech Group Inc. Com","AMPG","OTC","755","0","755","100","119906","1",
"2018-04-30","Amplitech Group Inc. Com","AMPG","OTC","45055","10100","34955","346.09","466231","1",
"2018-04-13","Amplitech Group Inc. Com","AMPG","OTC","10100","0","10100","100","431384","1",
"2018-03-15","Amplitech Group Inc. Com","AMPG","OTC","16280","0","16280","100","209418","1",
"2018-01-31","Amplitech Group Inc. Com","AMPG","OTC","75","0","75","100","222858","1",
"2017-12-29","Amplitech Group Inc. Com","AMPG","OTC","581","10000","-9419","-94.19","92570","1",
