"Settlement Date","Issue Name","Symbol","Market","Current Short","Previous Short","Chg","% Change from Previous","Avg Daily Vol","Days to Cover","Revision Flag"
"2025-09-15","Brighthouse Financial, Inc. Co","BHF","NNM","2933620","2671553","262067","9.81","1136134","2.58",
"2025-08-29","Brighthouse Financial, Inc. Co","BHF","NNM","2671553","2841074","-169521","-5.97","529790","5.04",
"2025-08-15","Brighthouse Financial, Inc. Co","BHF","NNM","2841074","2568908","272166","10.59","739492","3.84",
"2025-07-31","Brighthouse Financial, Inc. Co","BHF","NNM","2568908","2261714","307194","13.58","964829","2.66",
"2025-07-15","Brighthouse Financial, Inc. Co","BHF","NNM","2261714","1997961","263753","13.2","861032","2.63",
"2025-06-30","Brighthouse Financial, Inc. Co","BHF","NNM","1997961","1914497","83464","4.36","1077711","1.85",
"2025-06-13","Brighthouse Financial, Inc. Co","BHF","NNM","1914497","1631808","282689","17.32","476097","4.02",
"2025-05-30","Brighthouse Financial, Inc. Co","BHF","NNM","1631808","1547813","83995","5.43","726779","2.25",
"2025-05-15","Brighthouse Financial, Inc. Co","BHF","NNM","1547813","1616798","-68985","-4.27","915669","1.69",
"2025-04-30","Brighthouse Financial, Inc. Co","BHF","NNM","1616798","1775759","-158961","-8.95","1060753","1.52",
"2025-04-15","Brighthouse Financial, Inc. Co","BHF","NNM","1775759","1099324","676435","61.53","1264061","1.4",
"2025-03-31","Brighthouse Financial, Inc. Co","BHF","NNM","1099324","987258","112066","11.35","574193","1.91",
"2025-03-14","Brighthouse Financial, Inc. Co","BHF","NNM","987258","852236","135022","15.84","854943","1.15",
"2025-02-28","Brighthouse Financial, Inc. Co","BHF","NNM","852236","889314","-37078","-4.17","872023","1",
"2025-02-14","Brighthouse Financial, Inc. Co","BHF","NNM","889314","1044363","-155049","-14.85","921894","1",
"2025-01-31","Brighthouse Financial, Inc. Co","BHF","NNM","1044363","1404655","-360292","-25.65","901722","1.16",
"2025-01-15","Brighthouse Financial, Inc. Co","BHF","NNM","1404655","1314284","90371","6.88","285940","4.91",
"2024-12-31","Brighthouse Financial, Inc. Co","BHF","NNM","1314284","1398814","-84530","-6.04","329094","3.99",
"2024-12-13","Brighthouse Financial, Inc. Co","BHF","NNM","1398814","1258252","140562","11.17","347090","4.03",
"2024-11-29","Brighthouse Financial, Inc. Co","BHF","NNM","1258252","1192800","65452","5.49","304416","4.13",
"2024-11-15","Brighthouse Financial, Inc. Co","BHF","NNM","1192800","1070322","122478","11.44","487983","2.44",
"2024-10-31","Brighthouse Financial, Inc. Co","BHF","NNM","1070322","895379","174943","19.54","391163","2.74",
"2024-10-15","Brighthouse Financial, Inc. Co","BHF","NNM","895379","948373","-52994","-5.59","291000","3.08",
"2024-09-30","Brighthouse Financial, Inc. Co","BHF","NNM","948373","1187224","-238851","-20.12","354519","2.68",
"2024-09-13","Brighthouse Financial, Inc. Co","BHF","NNM","1187224","1105839","81385","7.36","356058","3.33",
"2024-08-30","Brighthouse Financial, Inc. Co","BHF","NNM","1105839","1201335","-95496","-7.95","311828","3.55",
"2024-08-15","Brighthouse Financial, Inc. Co","BHF","NNM","1201335","1087855","113480","10.43","513307","2.34",
"2024-07-31","Brighthouse Financial, Inc. Co","BHF","NNM","1087855","1010209","77646","7.69","409330","2.66",
"2024-07-15","Brighthouse Financial, Inc. Co","BHF","NNM","1010209","1315616","-305407","-23.21","429552","2.35",
"2024-06-28","Brighthouse Financial, Inc. Co","BHF","NNM","1315616","1337763","-22147","-1.66","477230","2.76",
"2024-06-14","Brighthouse Financial, Inc. Co","BHF","NNM","1337763","1477659","-139896","-9.47","367594","3.64",
"2024-05-31","Brighthouse Financial, Inc. Co","BHF","NNM","1477659","1118753","358906","32.08","390402","3.78",
"2024-05-15","Brighthouse Financial, Inc. Co","BHF","NNM","1118753","1206827","-88074","-7.3","700013","1.6",
"2024-04-30","Brighthouse Financial, Inc. Co","BHF","NNM","1206827","1142377","64450","5.64","478629","2.52",
"2024-04-15","Brighthouse Financial, Inc. Co","BHF","NNM","1142377","1307889","-165512","-12.65","345794","3.3",
"2024-03-28","Brighthouse Financial, Inc. Co","BHF","NNM","1307889","1274045","33844","2.66","400103","3.27",
"2024-03-15","Brighthouse Financial, Inc. Co","BHF","NNM","1274045","1116397","157648","14.12","442768","2.88",
"2024-02-29","Brighthouse Financial, Inc. Co","BHF","NNM","1116397","1098927","17470","1.59","423089","2.64",
"2024-02-15","Brighthouse Financial, Inc. Co","BHF","NNM","1098927","943206","155721","16.51","574852","1.91",
"2024-01-31","Brighthouse Financial, Inc. Co","BHF","NNM","943206","808880","134326","16.61","361733","2.61",
"2024-01-12","Brighthouse Financial, Inc. Co","BHF","NNM","808880","761790","47090","6.18","376988","2.15",
"2023-12-29","Brighthouse Financial, Inc. Co","BHF","NNM","761790","1173766","-411976","-35.1","278875","2.73",
"2023-12-15","Brighthouse Financial, Inc. Co","BHF","NNM","1173766","1081563","92203","8.52","382642","3.07",
"2023-11-30","Brighthouse Financial, Inc. Co","BHF","NNM","1081563","1025056","56507","5.51","311628","3.47",
"2023-11-15","Brighthouse Financial, Inc. Co","BHF","NNM","1025056","1256377","-231321","-18.41","372114","2.75","R"
"2023-10-31","Brighthouse Financial, Inc. Co","BHF","NNM","1279203","1709533","-430330","-25.17","335492","3.81",
"2023-10-13","Brighthouse Financial, Inc. Co","BHF","NNM","1709533","1179526","530007","44.93","383396","4.46",
"2023-09-29","Brighthouse Financial, Inc. Co","BHF","NNM","1179526","1989014","-809488","-40.7","477381","2.47",
"2023-09-15","Brighthouse Financial, Inc. Co","BHF","NNM","1989014","1293673","695341","53.75","485550","4.1",
"2023-08-31","Brighthouse Financial, Inc. Co","BHF","NNM","1293673","1438608","-144935","-10.07","271396","4.77",
"2023-08-15","Brighthouse Financial, Inc. Co","BHF","NNM","1438608","1476366","-37758","-2.56","414275","3.47",
"2023-07-31","Brighthouse Financial, Inc. Co","BHF","NNM","1476366","1683550","-207184","-12.31","318103","4.64",
"2023-07-14","Brighthouse Financial, Inc. Co","BHF","NNM","1683550","1509348","174202","11.54","401155","4.2",
"2023-06-30","Brighthouse Financial, Inc. Co","BHF","NNM","1509348","1453704","55644","3.83","591209","2.55",
"2023-06-15","Brighthouse Financial, Inc. Co","BHF","NNM","1453704","1589277","-135573","-8.53","486497","2.99",
"2023-05-31","Brighthouse Financial, Inc. Co","BHF","NNM","1589277","1373237","216040","15.73","481634","3.3",
"2023-05-15","Brighthouse Financial, Inc. Co","BHF","NNM","1373237","1153713","219524","19.03","615747","2.23",
"2023-04-28","Brighthouse Financial, Inc. Co","BHF","NNM","1153713","1369361","-215648","-15.75","444201","2.6",
"2023-04-14","Brighthouse Financial, Inc. Co","BHF","NNM","1369361","1669014","-299653","-17.95","639615","2.14",
"2023-03-31","Brighthouse Financial, Inc. Co","BHF","NNM","1669014","1510375","158639","10.5","812821","2.05",
"2023-03-15","Brighthouse Financial, Inc. Co","BHF","NNM","1510375","1450135","60240","4.15","609838","2.48",
"2023-02-28","Brighthouse Financial, Inc. Co","BHF","NNM","1450135","1455393","-5258","-0.36","338444","4.28",
"2023-02-15","Brighthouse Financial, Inc. Co","BHF","NNM","1455393","1585610","-130217","-8.21","503840","2.89",
"2023-01-31","Brighthouse Financial, Inc. Co","BHF","NNM","1585610","1844242","-258632","-14.02","328583","4.83",
"2023-01-13","Brighthouse Financial, Inc. Co","BHF","NNM","1844242","1807073","37169","2.06","372926","4.95",
"2022-12-30","Brighthouse Financial, Inc. Co","BHF","NNM","1807073","2476578","-669505","-27.03","468765","3.85",
"2022-12-15","Brighthouse Financial, Inc. Co","BHF","NNM","2476578","2856963","-380385","-13.31","418956","5.91",
"2022-11-30","Brighthouse Financial, Inc. Co","BHF","NNM","2856963","2967530","-110567","-3.73","344008","8.3",
"2022-11-15","Brighthouse Financial, Inc. Co","BHF","NNM","2967530","2244616","722914","32.21","733954","4.04",
"2022-10-31","Brighthouse Financial, Inc. Co","BHF","NNM","2244616","2155758","88858","4.12","509654","4.4",
"2022-10-14","Brighthouse Financial, Inc. Co","BHF","NNM","2155758","2116423","39335","1.86","545950","3.95",
"2022-09-30","Brighthouse Financial, Inc. Co","BHF","NNM","2116423","2224099","-107676","-4.84","659361","3.21",
"2022-09-15","Brighthouse Financial, Inc. Co","BHF","NNM","2224099","1886821","337278","17.88","479699","4.64",
"2022-08-31","Brighthouse Financial, Inc. Co","BHF","NNM","1886821","1914058","-27237","-1.42","406562","4.64",
"2022-08-15","Brighthouse Financial, Inc. Co","BHF","NNM","1914058","2123851","-209793","-9.88","673195","2.84",
"2022-07-29","Brighthouse Financial, Inc. Co","BHF","NNM","2123851","2533635","-409784","-16.17","427501","4.97",
"2022-07-15","Brighthouse Financial, Inc. Co","BHF","NNM","2533635","2834690","-301055","-10.62","728069","3.48",
"2022-06-30","Brighthouse Financial, Inc. Co","BHF","NNM","2834690","2524917","309773","12.27","1017506","2.79",
"2022-06-15","Brighthouse Financial, Inc. Co","BHF","NNM","2524917","2451633","73284","2.99","516459","4.89",
"2022-05-31","Brighthouse Financial, Inc. Co","BHF","NNM","2451633","2369227","82406","3.48","537501","4.56",
"2022-05-13","Brighthouse Financial, Inc. Co","BHF","NNM","2369227","1870204","499023","26.68","795459","2.98",
"2022-04-29","Brighthouse Financial, Inc. Co","BHF","NNM","1870204","1990017","-119813","-6.02","487531","3.84",
"2022-04-14","Brighthouse Financial, Inc. Co","BHF","NNM","1990017","2372536","-382519","-16.12","547677","3.63",
"2022-03-31","Brighthouse Financial, Inc. Co","BHF","NNM","2372536","2332767","39769","1.7","587689","4.04",
"2022-03-15","Brighthouse Financial, Inc. Co","BHF","NNM","2332767","2246208","86559","3.85","727213","3.21",
"2022-02-28","Brighthouse Financial, Inc. Co","BHF","NNM","2246208","2476426","-230218","-9.3","642722","3.49",
"2022-02-15","Brighthouse Financial, Inc. Co","BHF","NNM","2476426","2136247","340179","15.92","786364","3.15",
"2022-01-31","Brighthouse Financial, Inc. Co","BHF","NNM","2136247","2206452","-70205","-3.18","637463","3.35",
"2022-01-14","Brighthouse Financial, Inc. Co","BHF","NNM","2206452","1656164","550288","33.23","672443","3.28",
"2021-12-31","Brighthouse Financial, Inc. Co","BHF","NNM","1656164","2246052","-589888","-26.26","725712","2.28",
"2021-12-15","Brighthouse Financial, Inc. Co","BHF","NNM","2246052","2055046","191006","9.29","564995","3.98",
"2021-11-30","Brighthouse Financial, Inc. Co","BHF","NNM","2055046","1875116","179930","9.6","483803","4.25",
"2021-11-15","Brighthouse Financial, Inc. Co","BHF","NNM","1875116","1617165","257951","15.95","552729","3.39",
"2021-10-29","Brighthouse Financial, Inc. Co","BHF","NNM","1617165","1856710","-239545","-12.9","467452","3.46",
"2021-10-15","Brighthouse Financial, Inc. Co","BHF","NNM","1856710","2275187","-418477","-18.39","522941","3.55",
"2021-09-30","Brighthouse Financial, Inc. Co","BHF","NNM","2275187","2631970","-356783","-13.56","816385","2.79",
"2021-09-15","Brighthouse Financial, Inc. Co","BHF","NNM","2631970","2655967","-23997","-0.9","586825","4.49",
"2021-08-31","Brighthouse Financial, Inc. Co","BHF","NNM","2655967","2726137","-70170","-2.57","478476","5.55",
"2021-08-13","Brighthouse Financial, Inc. Co","BHF","NNM","2726137","3082375","-356238","-11.56","699100","3.9",
"2021-07-30","Brighthouse Financial, Inc. Co","BHF","NNM","3082375","2697507","384868","14.27","420161","7.34",
"2021-07-15","Brighthouse Financial, Inc. Co","BHF","NNM","2697507","2827819","-130312","-4.61","512341","5.27",
"2021-06-30","Brighthouse Financial, Inc. Co","BHF","NNM","2827819","2666385","161434","6.05","819035","3.45",
"2021-06-15","Brighthouse Financial, Inc. Co","BHF","NNM","2666385","2758748","-92363","-3.35","642986","4.15","R"
"2021-05-28","Brighthouse Financial, Inc. Co","BHF","NNM","2759058","2806752","-47694","-1.7","472410","5.84",
"2021-05-14","Brighthouse Financial, Inc. Co","BHF","NNM","2806752","2662430","144322","5.42","693319","4.05",
"2021-04-30","Brighthouse Financial, Inc. Co","BHF","NNM","2662430","2703513","-41083","-1.52","432728","6.15",
"2021-04-15","Brighthouse Financial, Inc. Co","BHF","NNM","2703513","2799415","-95902","-3.43","521792","5.18",
"2021-03-31","Brighthouse Financial, Inc. Co","BHF","NNM","2799415","3166633","-367218","-11.6","937090","2.99",
"2021-03-15","Brighthouse Financial, Inc. Co","BHF","NNM","3166633","2704339","462294","17.09","779991","4.06",
"2021-02-26","Brighthouse Financial, Inc. Co","BHF","NNM","2704339","2951576","-247237","-8.38","912148","2.96",
"2021-02-12","Brighthouse Financial, Inc. Co","BHF","NNM","2951576","2746802","204774","7.45","765944","3.85",
"2021-01-29","Brighthouse Financial, Inc. Co","BHF","NNM","2746802","3085235","-338433","-10.97","678236","4.05",
"2021-01-15","Brighthouse Financial, Inc. Co","BHF","NNM","3085235","3129663","-44428","-1.42","700590","4.4",
"2020-12-31","Brighthouse Financial, Inc. Co","BHF","NNM","3129663","3791544","-661881","-17.46","694953","4.5",
"2020-12-15","Brighthouse Financial, Inc. Co","BHF","NNM","3791544","3581033","210511","5.88","656029","5.78",
"2020-11-30","Brighthouse Financial, Inc. Co","BHF","NNM","3581033","4182089","-601056","-14.37","750560","4.77",
"2020-11-13","Brighthouse Financial, Inc. Co","BHF","NNM","4182089","4863469","-681380","-14.01","934697","4.47",
"2020-10-30","Brighthouse Financial, Inc. Co","BHF","NNM","4863469","4754547","108922","2.29","773642","6.29",
"2020-10-15","Brighthouse Financial, Inc. Co","BHF","NNM","4754547","4366305","388242","8.89","614263","7.74",
"2020-09-30","Brighthouse Financial, Inc. Co","BHF","NNM","4366305","4793260","-426955","-8.91","875148","4.99",
"2020-09-15","Brighthouse Financial, Inc. Co","BHF","NNM","4793260","4780010","13250","0.28","575314","8.33",
"2020-08-31","Brighthouse Financial, Inc. Co","BHF","NNM","4780010","3876496","903514","23.31","495456","9.65",
"2020-08-14","Brighthouse Financial, Inc. Co","BHF","NNM","3876496","3862759","13737","0.36","771334","5.03",
"2020-07-31","Brighthouse Financial, Inc. Co","BHF","NNM","3862759","3733599","129160","3.46","582988","6.63",
"2020-07-15","Brighthouse Financial, Inc. Co","BHF","NNM","3733599","3751093","-17494","-0.47","930019","4.01",
"2020-06-30","Brighthouse Financial, Inc. Co","BHF","NNM","3751093","4932224","-1181131","-23.95","1457209","2.57",
"2020-06-15","Brighthouse Financial, Inc. Co","BHF","NNM","4932224","5005199","-72975","-1.46","1014992","4.86",
"2020-05-29","Brighthouse Financial, Inc. Co","BHF","NNM","5005199","5495336","-490137","-8.92","1054711","4.75",
"2020-05-15","Brighthouse Financial, Inc. Co","BHF","NNM","5495336","5428520","66816","1.23","1331327","4.13","R"
"2020-04-30","Brighthouse Financial, Inc. Co","BHF","NNM","5273838","5267372","6466","0.12","1319465","4",
"2020-04-15","Brighthouse Financial, Inc. Co","BHF","NNM","5267372","5380224","-112852","-2.1","1460909","3.61",
"2020-03-31","Brighthouse Financial, Inc. Co","BHF","NNM","5380224","5714527","-334303","-5.85","2058285","2.61",
"2020-03-13","Brighthouse Financial, Inc. Co","BHF","NNM","5714527","4167897","1546630","37.11","1808004","3.16",
"2020-02-28","Brighthouse Financial, Inc. Co","BHF","NNM","4167897","3983831","184066","4.62","1333777","3.12",
"2020-02-14","Brighthouse Financial, Inc. Co","BHF","NNM","3983831","3786451","197380","5.21","1194050","3.34",
"2020-01-31","Brighthouse Financial, Inc. Co","BHF","NNM","3786451","3705836","80615","2.18","729769","5.19",
"2020-01-15","Brighthouse Financial, Inc. Co","BHF","NNM","3705836","3959348","-253512","-6.4","921200","4.02",
"2019-12-31","Brighthouse Financial, Inc. Co","BHF","NNM","3959348","4238205","-278857","-6.58","1077860","3.67",
"2019-12-13","Brighthouse Financial, Inc. Co","BHF","NNM","4238205","4002762","235443","5.88","1195041","3.55",
"2019-11-29","Brighthouse Financial, Inc. Co","BHF","NNM","4002762","5401132","-1398370","-25.89","1880419","2.13",
"2019-11-15","Brighthouse Financial, Inc. Co","BHF","NNM","5401132","5592789","-191657","-3.43","1385167","3.9",
"2019-10-31","Brighthouse Financial, Inc. Co","BHF","NNM","5592789","6098930","-506141","-8.3","984273","5.68",
"2019-10-15","Brighthouse Financial, Inc. Co","BHF","NNM","6098930","5722509","376421","6.58","1016893","6",
"2019-09-30","Brighthouse Financial, Inc. Co","BHF","NNM","5722509","5980771","-258262","-4.32","1172237","4.88",
"2019-09-13","Brighthouse Financial, Inc. Co","BHF","NNM","5980771","6379298","-398527","-6.25","1190452","5.02",
"2019-08-30","Brighthouse Financial, Inc. Co","BHF","NNM","6379298","5966031","413267","6.93","849578","7.51",
"2019-08-15","Brighthouse Financial, Inc. Co","BHF","NNM","5966031","5261360","704671","13.39","1155758","5.16",
"2019-07-31","Brighthouse Financial, Inc. Co","BHF","NNM","5261360","5397087","-135727","-2.51","780645","6.74",
"2019-07-15","Brighthouse Financial, Inc. Co","BHF","NNM","5397087","5466093","-69006","-1.26","766594","7.04",
"2019-06-28","Brighthouse Financial, Inc. Co","BHF","NNM","5466093","4732107","733986","15.51","1924599","2.84",
"2019-06-14","Brighthouse Financial, Inc. Co","BHF","NNM","4732107","4829781","-97674","-2.02","1321285","3.58",
"2019-05-31","Brighthouse Financial, Inc. Co","BHF","NNM","4829781","5096568","-266787","-5.23","964421","5.01",
"2019-05-15","Brighthouse Financial, Inc. Co","BHF","NNM","5096568","4988779","107789","2.16","1590159","3.21",
"2019-04-30","Brighthouse Financial, Inc. Co","BHF","NNM","4988779","5986859","-998080","-16.67","1217651","4.1",
"2019-04-15","Brighthouse Financial, Inc. Co","BHF","NNM","5986859","5128877","857982","16.73","4384819","1.37",
"2019-03-29","Brighthouse Financial, Inc. Co","BHF","NNM","5128877","4888046","240831","4.93","1707060","3",
"2019-03-15","Brighthouse Financial, Inc. Co","BHF","NNM","4888046","5655393","-767347","-13.57","1822780","2.68",
"2019-02-28","Brighthouse Financial, Inc. Co","BHF","NNM","5655393","4874060","781333","16.03","1453314","3.89",
"2019-02-15","Brighthouse Financial, Inc. Co","BHF","NNM","4874060","5175732","-301672","-5.83","1238741","3.93",
"2019-01-31","Brighthouse Financial, Inc. Co","BHF","NNM","5175732","5068036","107696","2.13","983367","5.26",
"2019-01-15","Brighthouse Financial, Inc. Co","BHF","NNM","5068036","6173788","-1105752","-17.91","1208056","4.2",
"2018-12-31","Brighthouse Financial, Inc. Co","BHF","NNM","6173788","8167553","-1993765","-24.41","1924548","3.21",
"2018-12-14","Brighthouse Financial, Inc. Co","BHF","NNM","8167553","5975052","2192501","36.69","2316415","3.53",
"2018-11-30","Brighthouse Financial, Inc. Co","BHF","NNM","5975052","7445367","-1470315","-19.75","999970","5.98",
"2018-11-15","Brighthouse Financial, Inc. Co","BHF","NNM","7445367","7975601","-530234","-6.65","1546193","4.82",
"2018-10-31","Brighthouse Financial, Inc. Co","BHF","NNM","7975601","7599938","375663","4.94","1364315","5.85",
"2018-10-15","Brighthouse Financial, Inc. Co","BHF","NNM","7599938","7705614","-105676","-1.37","1515558","5.01",
"2018-09-28","Brighthouse Financial, Inc. Co","BHF","NNM","7705614","5772687","1932927","33.48","1136587","6.78",
"2018-09-14","Brighthouse Financial, Inc. Co","BHF","NNM","5772687","6549891","-777204","-11.87","823857","7.01",
"2018-08-31","Brighthouse Financial, Inc. Co","BHF","NNM","6549891","6086710","463181","7.61","709685","9.23",
"2018-08-15","Brighthouse Financial, Inc. Co","BHF","NNM","6086710","5333426","753284","14.12","1331974","4.57",
"2018-07-31","Brighthouse Financial, Inc. Co","BHF","NNM","5333426","6020259","-686833","-11.41","849637","6.28",
"2018-07-13","Brighthouse Financial, Inc. Co","BHF","NNM","6020259","6927263","-907004","-13.09","1557630","3.87","R"
"2018-06-29","Brighthouse Financial, Inc. Co","BHF","NNM","6927682","8994365","-2066683","-22.98","2742274","2.53",
"2018-06-15","Brighthouse Financial, Inc. Co","BHF","NNM","8994365","6797304","2197061","32.32","1970165","4.57",
"2018-05-31","Brighthouse Financial, Inc. Co","BHF","NNM","6797304","6996548","-199244","-2.85","1052681","6.46",
"2018-05-15","Brighthouse Financial, Inc. Co","BHF","NNM","6996548","6032065","964483","15.99","1160819","6.03",
"2018-04-30","Brighthouse Financial, Inc. Co","BHF","NNM","6032065","5434173","597892","11","538992","11.19",
"2018-04-13","Brighthouse Financial, Inc. Co","BHF","NNM","5434173","5656148","-221975","-3.92","753566","7.21",
"2018-03-29","Brighthouse Financial, Inc. Co","BHF","NNM","5656148","5927857","-271709","-4.58","784866","7.21",
"2018-03-15","Brighthouse Financial, Inc. Co","BHF","NNM","5927857","5440422","487435","8.96","754349","7.86",
"2018-02-28","Brighthouse Financial, Inc. Co","BHF","NNM","5440422","4703650","736772","15.66","848409","6.41",
"2018-02-15","Brighthouse Financial, Inc. Co","BHF","NNM","4703650","4315580","388070","8.99","1348852","3.49",
"2018-01-31","Brighthouse Financial, Inc. Co","BHF","NNM","4315580","3851099","464481","12.06","717110","6.02",
"2018-01-12","Brighthouse Financial, Inc. Co","BHF","NNM","3851099","2490455","1360644","54.63","848406","4.54",
"2017-12-29","Brighthouse Financial, Inc. Co","BHF","NNM","2490455","2661915","-171460","-6.44","614406","4.05",
