"Settlement Date","Issue Name","Symbol","Market","Current Short","Previous Short","Chg","% Change from Previous","Avg Daily Vol","Days to Cover","Revision Flag"
"2025-09-15","Maplebear Inc. Common Stock","CART","NNM","13871134","15424015","-1552881","-10.07","4199892","3.3",
"2025-08-29","Maplebear Inc. Common Stock","CART","NNM","15424015","12440899","2983116","23.98","4498211","3.43","R"
"2025-08-15","Maplebear Inc. Common Stock","CART","NNM","12439235","14416233","-1976998","-13.71","6729964","1.85",
"2025-07-31","Maplebear Inc. Common Stock","CART","NNM","14416233","16547495","-2131262","-12.88","3337904","4.32",
"2025-07-15","Maplebear Inc. Common Stock","CART","NNM","16547495","15861251","686244","4.33","3223644","5.13",
"2025-06-30","Maplebear Inc. Common Stock","CART","NNM","15861251","13892595","1968656","14.17","3964793","4",
"2025-06-13","Maplebear Inc. Common Stock","CART","NNM","13892595","14162862","-270267","-1.91","3395104","4.09",
"2025-05-30","Maplebear Inc. Common Stock","CART","NNM","14162862","14298435","-135573","-0.95","3298049","4.29",
"2025-05-15","Maplebear Inc. Common Stock","CART","NNM","14298435","12327283","1971152","15.99","5830035","2.45",
"2025-04-30","Maplebear Inc. Common Stock","CART","NNM","12327283","13265094","-937811","-7.07","3719577","3.31",
"2025-04-15","Maplebear Inc. Common Stock","CART","NNM","13265094","12881605","383489","2.98","4208781","3.15",
"2025-03-31","Maplebear Inc. Common Stock","CART","NNM","12881605","16064080","-3182475","-19.81","4136238","3.11",
"2025-03-14","Maplebear Inc. Common Stock","CART","NNM","16064080","16196824","-132744","-0.82","4751342","3.38",
"2025-02-28","Maplebear Inc. Common Stock","CART","NNM","16196824","17396920","-1200096","-6.9","6205946","2.61",
"2025-02-14","Maplebear Inc. Common Stock","CART","NNM","17396920","17112831","284089","1.66","2495512","6.97",
"2025-01-31","Maplebear Inc. Common Stock","CART","NNM","17112831","17868551","-755720","-4.23","2902428","5.9",
"2025-01-15","Maplebear Inc. Common Stock","CART","NNM","17868551","11260443","6608108","58.68","6786155","2.63",
"2024-12-31","Maplebear Inc. Common Stock","CART","NNM","11260443","13188085","-1927642","-14.62","2956891","3.81",
"2024-12-13","Maplebear Inc. Common Stock","CART","NNM","13188085","11579030","1609055","13.9","4143473","3.18",
"2024-11-29","Maplebear Inc. Common Stock","CART","NNM","11579030","11586240","-7210","-0.06","3983084","2.91",
"2024-11-15","Maplebear Inc. Common Stock","CART","NNM","11586240","10803916","782324","7.24","4919729","2.36",
"2024-10-31","Maplebear Inc. Common Stock","CART","NNM","10803916","11261009","-457093","-4.06","2361816","4.57",
"2024-10-15","Maplebear Inc. Common Stock","CART","NNM","11261009","15376973","-4115964","-26.77","2724461","4.13",
"2024-09-30","Maplebear Inc. Common Stock","CART","NNM","15376973","13561345","1815628","13.39","5785034","2.66",
"2024-09-13","Maplebear Inc. Common Stock","CART","NNM","13561345","11773538","1787807","15.18","3139195","4.32",
"2024-08-30","Maplebear Inc. Common Stock","CART","NNM","11773538","11711422","62116","0.53","2681599","4.39",
"2024-08-15","Maplebear Inc. Common Stock","CART","NNM","11711422","12936021","-1224599","-9.47","4327293","2.71",
"2024-07-31","Maplebear Inc. Common Stock","CART","NNM","12936021","15478986","-2542965","-16.43","2426318","5.33",
"2024-07-15","Maplebear Inc. Common Stock","CART","NNM","15478986","16766004","-1287018","-7.68","2952773","5.24",
"2024-06-28","Maplebear Inc. Common Stock","CART","NNM","16766004","17440195","-674191","-3.87","6239674","2.69",
"2024-06-14","Maplebear Inc. Common Stock","CART","NNM","17440195","13578748","3861447","28.44","3602820","4.84",
"2024-05-31","Maplebear Inc. Common Stock","CART","NNM","13578748","9014402","4564346","50.63","4441659","3.06",
"2024-05-15","Maplebear Inc. Common Stock","CART","NNM","9014402","8519490","494912","5.81","5292756","1.7",
"2024-04-30","Maplebear Inc. Common Stock","CART","NNM","8519490","7504240","1015250","13.53","4152439","2.05",
"2024-04-15","Maplebear Inc. Common Stock","CART","NNM","7504240","8437405","-933165","-11.06","2850727","2.63",
"2024-03-28","Maplebear Inc. Common Stock","CART","NNM","8437405","8661065","-223660","-2.58","3110316","2.71",
"2024-03-15","Maplebear Inc. Common Stock","CART","NNM","8661065","8490364","170701","2.01","4085535","2.12",
"2024-02-29","Maplebear Inc. Common Stock","CART","NNM","8490364","16754627","-8264263","-49.33","7688246","1.1",
"2024-02-15","Maplebear Inc. Common Stock","CART","NNM","16754627","10217268","6537359","63.98","6244692","2.68",
"2024-01-31","Maplebear Inc. Common Stock","CART","NNM","10217268","9506726","710542","7.47","2459524","4.15",
"2024-01-12","Maplebear Inc. Common Stock","CART","NNM","9506726","6852507","2654219","38.73","1751650","5.43",
"2023-12-29","Maplebear Inc. Common Stock","CART","NNM","6852507","7466067","-613560","-8.22","1492265","4.59",
"2023-12-15","Maplebear Inc. Common Stock","CART","NNM","7466067","5968026","1498041","25.1","1668751","4.47",
"2023-11-30","Maplebear Inc. Common Stock","CART","NNM","5968026","6021418","-53392","-0.89","1053400","5.67",
"2023-11-15","Maplebear Inc. Common Stock","CART","NNM","6021418","5520853","500565","9.07","1914700","3.14","R"
"2023-10-31","Maplebear Inc. Common Stock","CART","NNM","5589872","6079968","-490096","-8.06","1125310","4.97",
"2023-10-13","Maplebear Inc. Common Stock","CART","NNM","6079968","3631019","2448949","67.45","2859611","2.13",
"2023-09-29","Maplebear Inc. Common Stock","CART","NNM","3631019","0","3631019","100","7964307","1",
"2019-12-31","Carolina Trust BancShares","CART","SC","4032","1354","2678","197.78","7664","1",
"2019-12-13","Carolina Trust BancShares","CART","SC","1354","2979","-1625","-54.55","4349","1",
"2019-11-29","Carolina Trust BancShares","CART","SC","2979","458","2521","550.44","95529","1",
"2019-11-15","Carolina Trust BancShares","CART","SC","458","16677","-16219","-97.25","2664","1",
"2019-10-31","Carolina Trust BancShares","CART","SC","16677","4213","12464","295.85","14415","1.16",
"2019-10-15","Carolina Trust BancShares","CART","SC","4213","4405","-192","-4.36","6492","1",
"2019-09-30","Carolina Trust BancShares","CART","SC","4405","466","3939","845.28","9569","1",
"2019-09-13","Carolina Trust BancShares","CART","SC","466","1760","-1294","-73.52","27342","1",
"2019-08-30","Carolina Trust BancShares","CART","SC","1760","950","810","85.26","6380","1",
"2019-08-15","Carolina Trust BancShares","CART","SC","950","1264","-314","-24.84","22225","1",
"2019-07-31","Carolina Trust BancShares","CART","SC","1264","2783","-1519","-54.58","66428","1",
"2019-07-15","Carolina Trust BancShares","CART","SC","2783","3073","-290","-9.44","39260","1",
"2019-06-28","Carolina Trust BancShares","CART","SC","3073","3262","-189","-5.79","6879","1",
"2019-06-14","Carolina Trust BancShares","CART","SC","3262","3049","213","6.99","8554","1",
"2019-05-31","Carolina Trust BancShares","CART","SC","3049","3624","-575","-15.87","5309","1",
"2019-05-15","Carolina Trust BancShares","CART","SC","3624","5003","-1379","-27.56","7527","1",
"2019-04-30","Carolina Trust BancShares","CART","SC","5003","11519","-6516","-56.57","9285","1",
"2019-04-15","Carolina Trust BancShares","CART","SC","11519","5606","5913","105.48","21214","1",
"2019-03-29","Carolina Trust BancShares","CART","SC","5606","7478","-1872","-25.03","26058","1",
"2019-03-15","Carolina Trust BancShares","CART","SC","7478","3634","3844","105.78","16389","1",
"2019-02-28","Carolina Trust BancShares","CART","SC","3634","2082","1552","74.54","18386","1",
"2019-02-15","Carolina Trust BancShares","CART","SC","2082","6700","-4618","-68.93","11885","1",
"2019-01-31","Carolina Trust BancShares","CART","SC","6700","5277","1423","26.97","50789","1",
"2019-01-15","Carolina Trust BancShares","CART","SC","5277","5003","274","5.48","2460","2.15",
"2018-12-31","Carolina Trust BancShares","CART","SC","5003","6520","-1517","-23.27","5095","1",
"2018-12-14","Carolina Trust BancShares","CART","SC","6520","8555","-2035","-23.79","13292","1",
"2018-11-30","Carolina Trust BancShares","CART","SC","8555","2540","6015","236.81","9139","1",
"2018-11-15","Carolina Trust BancShares","CART","SC","2540","2180","360","16.51","2526","1.01",
"2018-10-31","Carolina Trust BancShares","CART","SC","2180","2967","-787","-26.53","3544","1",
"2018-10-15","Carolina Trust BancShares","CART","SC","2967","8382","-5415","-64.6","4666","1",
"2018-09-28","Carolina Trust BancShares","CART","SC","8382","5013","3369","67.21","13057","1",
"2018-09-14","Carolina Trust BancShares","CART","SC","5013","1050","3963","377.43","8030","1",
"2018-08-31","Carolina Trust BancShares","CART","SC","1050","1073","-23","-2.14","4707","1",
"2018-08-15","Carolina Trust BancShares","CART","SC","1073","1465","-392","-26.76","2471","1",
"2018-07-31","Carolina Trust BancShares","CART","SC","1465","1180","285","24.15","1982","1",
"2018-07-13","Carolina Trust BancShares","CART","SC","1180","1857","-677","-36.46","7389","1",
"2018-06-29","Carolina Trust BancShares","CART","SC","1857","353","1504","426.06","6280","1",
"2018-06-15","Carolina Trust BancShares","CART","SC","353","1828","-1475","-80.69","3918","1",
"2018-05-31","Carolina Trust BancShares","CART","SC","1828","6602","-4774","-72.31","9702","1",
"2018-05-15","Carolina Trust BancShares","CART","SC","6602","4449","2153","48.39","11286","1",
"2018-04-30","Carolina Trust BancShares","CART","SC","4449","4250","199","4.68","53981","1",
"2018-04-13","Carolina Trust BancShares","CART","SC","4250","4073","177","4.35","6202","1",
"2018-03-29","Carolina Trust BancShares","CART","SC","4073","422","3651","865.17","3289","1.24",
"2018-03-15","Carolina Trust BancShares","CART","SC","422","3075","-2653","-86.28","7193","1",
"2018-02-28","Carolina Trust BancShares","CART","SC","3075","2717","358","13.18","8966","1",
"2018-02-15","Carolina Trust BancShares","CART","SC","2717","3770","-1053","-27.93","4035","1",
"2018-01-31","Carolina Trust BancShares","CART","SC","3770","3988","-218","-5.47","4274","1",
"2018-01-12","Carolina Trust BancShares","CART","SC","3988","1889","2099","111.12","4632","1",
"2017-12-29","Carolina Trust BancShares","CART","SC","1889","4271","-2382","-55.77","4398","1",
