"Settlement Date","Issue Name","Symbol","Market","Current Short","Previous Short","Chg","% Change from Previous","Avg Daily Vol","Days to Cover","Revision Flag"
"2025-09-15","FUTURETECH II ACQUISITION CORP","FTII","OTC","2544","10303","-7759","-75.31","40","63.6",
"2025-08-29","FUTURETECH II ACQUISITION CORP","FTII","OTC","10303","10304","-1","-0.01","250","41.21",
"2025-08-15","FUTURETECH II ACQUISITION CORP","FTII","OTC","10304","10303","1","0.01","3257","3.16",
"2025-07-31","FUTURETECH II ACQUISITION CORP","FTII","OTC","10303","10306","-3","-0.03","2782","3.7",
"2025-07-15","FUTURETECH II ACQUISITION CORP","FTII","OTC","10306","10306","0","0","40","257.65",
"2025-06-30","FUTURETECH II ACQUISITION CORP","FTII","OTC","10306","10306","0","0","0","999.99",
"2025-06-13","FUTURETECH II ACQUISITION CORP","FTII","OTC","10306","10306","0","0","0","999.99",
"2025-05-30","FUTURETECH II ACQUISITION CORP","FTII","OTC","10306","10306","0","0","0","999.99",
"2025-05-15","FUTURETECH II ACQUISITION CORP","FTII","OTC","10306","10308","-2","-0.02","246","41.89",
"2025-04-30","FUTURETECH II ACQUISITION CORP","FTII","OTC","10308","10308","0","0","0","999.99",
"2025-04-15","FUTURETECH II ACQUISITION CORP","FTII","OTC","10308","10308","0","0","1","999.99",
"2025-03-31","FUTURETECH II ACQUISITION CORP","FTII","OTC","10308","12","10296","85800","348","29.62",
"2025-03-14","FUTURETECH II ACQUISITION CORP","FTII","OTC","12","7","5","71.43","1052","1",
"2025-02-28","FUTURETECH II ACQUISITION CORP","FTII","OTC","7","24","-17","-70.83","1920","1",
"2025-02-14","FutureTech II Acquisition Corp","FTII","SC","24","129","-105","-81.4","1086","1",
"2025-01-31","FutureTech II Acquisition Corp","FTII","SC","129","1219","-1090","-89.42","9523","1",
"2025-01-15","FutureTech II Acquisition Corp","FTII","SC","1219","1420","-201","-14.15","355","3.43",
"2024-12-31","FutureTech II Acquisition Corp","FTII","SC","1420","1630","-210","-12.88","777","1.83",
"2024-12-13","FutureTech II Acquisition Corp","FTII","SC","1630","1358","272","20.03","6227","1",
"2024-11-29","FutureTech II Acquisition Corp","FTII","NNM","1358","3","1355","45166.67","6550","1",
"2024-11-15","FutureTech II Acquisition Corp","FTII","NNM","3","4626","-4623","-99.94","29593","1",
"2024-10-31","FutureTech II Acquisition Corp","FTII","NNM","4626","5389","-763","-14.16","14586","1",
"2024-10-15","FutureTech II Acquisition Corp","FTII","NNM","5389","5930","-541","-9.12","90","59.88",
"2024-09-30","FutureTech II Acquisition Corp","FTII","NNM","5930","2494","3436","137.77","6051","1",
"2024-09-13","FutureTech II Acquisition Corp","FTII","NNM","2494","105","2389","2275.24","19910","1",
"2024-08-30","FutureTech II Acquisition Corp","FTII","NNM","105","105","0","0","510","1",
"2024-08-15","FutureTech II Acquisition Corp","FTII","NNM","105","105","0","0","66","1.59",
"2024-07-31","FutureTech II Acquisition Corp","FTII","NNM","105","106","-1","-0.94","212","1",
"2024-07-15","FutureTech II Acquisition Corp","FTII","NNM","106","106","0","0","101","1.05",
"2024-06-28","FutureTech II Acquisition Corp","FTII","NNM","106","106","0","0","88","1.2",
"2024-06-14","FutureTech II Acquisition Corp","FTII","NNM","106","129","-23","-17.83","453","1",
"2024-05-31","FutureTech II Acquisition Corp","FTII","NNM","129","2328","-2199","-94.46","83233","1",
"2024-05-15","FutureTech II Acquisition Corp","FTII","NNM","2328","2738","-410","-14.97","1229","1.89",
"2024-04-30","FutureTech II Acquisition Corp","FTII","NNM","2738","2737","1","0.04","127","21.56",
"2024-04-15","FutureTech II Acquisition Corp","FTII","NNM","2737","2981","-244","-8.19","1007","2.72",
"2024-03-28","FutureTech II Acquisition Corp","FTII","NNM","2981","3245","-264","-8.14","631","4.72",
"2024-03-15","FutureTech II Acquisition Corp","FTII","NNM","3245","3436","-191","-5.56","1786","1.82",
"2024-02-29","FutureTech II Acquisition Corp","FTII","NNM","3436","283","3153","1114.13","6001","1",
"2024-02-15","FutureTech II Acquisition Corp","FTII","NNM","283","1067","-784","-73.48","42323","1",
"2024-01-31","FutureTech II Acquisition Corp","FTII","NNM","1067","923","144","15.6","60274","1",
"2024-01-12","FutureTech II Acquisition Corp","FTII","NNM","923","507","416","82.05","4858","1",
"2023-12-29","FutureTech II Acquisition Corp","FTII","NNM","507","308","199","64.61","40452","1",
"2023-12-15","FutureTech II Acquisition Corp","FTII","NNM","308","1496","-1188","-79.41","7656","1",
"2023-11-30","FutureTech II Acquisition Corp","FTII","NNM","1496","2223","-727","-32.7","29798","1",
"2023-11-15","FutureTech II Acquisition Corp","FTII","NNM","2223","1323","900","68.03","19192","1",
"2023-10-31","FutureTech II Acquisition Corp","FTII","NNM","1323","2673","-1350","-50.51","3274","1",
"2023-10-13","FutureTech II Acquisition Corp","FTII","NNM","2673","476","2197","461.55","1904","1.4",
"2023-09-29","FutureTech II Acquisition Corp","FTII","NNM","476","476","0","0","791","1",
"2023-09-15","FutureTech II Acquisition Corp","FTII","NNM","476","7428","-6952","-93.59","25372","1",
"2023-08-31","FutureTech II Acquisition Corp","FTII","NNM","7428","131","7297","5570.23","53277","1",
"2023-08-15","FutureTech II Acquisition Corp","FTII","NNM","131","74","57","77.03","29701","1",
"2023-07-31","FutureTech II Acquisition Corp","FTII","NNM","74","181","-107","-59.12","100311","1",
"2023-07-14","FutureTech II Acquisition Corp","FTII","NNM","181","625","-444","-71.04","47352","1",
"2023-06-30","FutureTech II Acquisition Corp","FTII","NNM","625","716","-91","-12.71","49778","1",
"2023-06-15","FutureTech II Acquisition Corp","FTII","NNM","716","1283","-567","-44.19","18675","1",
"2023-05-31","FutureTech II Acquisition Corp","FTII","NNM","1283","1566","-283","-18.07","67269","1",
"2023-05-15","FutureTech II Acquisition Corp","FTII","NNM","1566","4888","-3322","-67.96","1293","1.21",
"2023-04-28","FutureTech II Acquisition Corp","FTII","NNM","4888","4894","-6","-0.12","14003","1",
"2023-04-14","FutureTech II Acquisition Corp","FTII","NNM","4894","306","4588","1499.35","10968","1",
"2023-03-31","FutureTech II Acquisition Corp","FTII","NNM","306","2693","-2387","-88.64","83529","1",
"2023-03-15","FutureTech II Acquisition Corp","FTII","NNM","2693","132","2561","1940.15","1501","1.79",
"2023-02-28","FutureTech II Acquisition Corp","FTII","NNM","132","2084","-1952","-93.67","25184","1",
"2023-02-15","FutureTech II Acquisition Corp","FTII","NNM","2084","3384","-1300","-38.42","256","8.14",
"2023-01-31","FutureTech II Acquisition Corp","FTII","NNM","3384","17922","-14538","-81.12","66050","1",
"2023-01-13","FutureTech II Acquisition Corp","FTII","NNM","17922","20815","-2893","-13.9","71026","1",
"2022-12-30","FutureTech II Acquisition Corp","FTII","NNM","20815","21116","-301","-1.43","489","42.57",
"2022-12-15","FutureTech II Acquisition Corp","FTII","NNM","21116","2177","18939","869.96","15330","1.38",
"2022-11-30","FutureTech II Acquisition Corp","FTII","NNM","2177","1240","937","75.56","131501","1",
"2022-11-15","FutureTech II Acquisition Corp","FTII","NNM","1240","1130","110","9.73","9213","1",
"2022-10-31","FutureTech II Acquisition Corp","FTII","NNM","1130","670","460","68.66","2108","1",
"2022-10-14","FutureTech II Acquisition Corp","FTII","NNM","670","887","-217","-24.46","2168","1",
"2022-09-30","FutureTech II Acquisition Corp","FTII","NNM","887","608","279","45.89","11164","1",
"2022-09-15","FutureTech II Acquisition Corp","FTII","NNM","608","525","83","15.81","1292","1",
"2022-08-31","FutureTech II Acquisition Corp","FTII","NNM","525","8340","-7815","-93.71","64450","1",
"2022-08-15","FutureTech II Acquisition Corp","FTII","NNM","8340","8330","10","0.12","212","39.34",
"2022-07-29","FutureTech II Acquisition Corp","FTII","NNM","8330","8330","0","0","111","75.05",
"2022-07-15","FutureTech II Acquisition Corp","FTII","NNM","8330","8329","1","0.01","44858","1",
"2022-06-30","FutureTech II Acquisition Corp","FTII","NNM","8329","8417","-88","-1.05","12042","1",
"2022-06-15","FutureTech II Acquisition Corp","FTII","NNM","8417","2860","5557","194.3","25386","1",
"2022-05-31","FutureTech II Acquisition Corp","FTII","NNM","2860","187","2673","1429.41","28754","1",
"2022-05-13","FutureTech II Acquisition Corp","FTII","NNM","187","426","-239","-56.1","31001","1",
"2022-04-29","FutureTech II Acquisition Corp","FTII","NNM","426","1593","-1167","-73.26","14113","1",
"2022-04-14","FutureTech II Acquisition Corp","FTII","NNM","1593","0","1593","100","129206","1",
