"Settlement Date","Issue Name","Symbol","Market","Current Short","Previous Short","Chg","% Change from Previous","Avg Daily Vol","Days to Cover","Revision Flag"
"2025-09-15","Kinder Morgan, Inc.","KMI","NYSE","36981496","37333362","-351866","-0.94","11286412","3.28",
"2025-08-29","Kinder Morgan, Inc.","KMI","NYSE","37333362","35535055","1798307","5.06","12870578","2.9",
"2025-08-15","Kinder Morgan, Inc.","KMI","NYSE","35535055","39450255","-3915200","-9.92","17556340","2.02",
"2025-07-31","Kinder Morgan, Inc.","KMI","NYSE","39450255","37364365","2085890","5.58","17604479","2.24",
"2025-07-15","Kinder Morgan, Inc.","KMI","NYSE","37364365","39651922","-2287557","-5.77","13021134","2.87",
"2025-06-30","Kinder Morgan, Inc.","KMI","NYSE","39651922","39776089","-124167","-0.31","13579757","2.92",
"2025-06-13","Kinder Morgan, Inc.","KMI","NYSE","39776089","40414615","-638526","-1.58","12529523","3.17",
"2025-05-30","Kinder Morgan, Inc.","KMI","NYSE","40414615","42426799","-2012184","-4.74","11779995","3.43",
"2025-05-15","Kinder Morgan, Inc.","KMI","NYSE","42426799","37888695","4538104","11.98","13438738","3.16",
"2025-04-30","Kinder Morgan, Inc.","KMI","NYSE","37888695","33673556","4215139","12.52","14992404","2.53",
"2025-04-15","Kinder Morgan, Inc.","KMI","NYSE","33673556","30980114","2693442","8.69","17025198","1.98",
"2025-03-31","Kinder Morgan, Inc.","KMI","NYSE","30980114","33914082","-2933968","-8.65","11710139","2.65",
"2025-03-14","Kinder Morgan, Inc.","KMI","NYSE","33914082","38967808","-5053726","-12.97","13008791","2.61",
"2025-02-28","Kinder Morgan, Inc.","KMI","NYSE","38967808","37203283","1764525","4.74","14799218","2.63",
"2025-02-14","Kinder Morgan, Inc.","KMI","NYSE","37203283","46883386","-9680103","-20.65","14172957","2.62",
"2025-01-31","Kinder Morgan, Inc.","KMI","NYSE","46883386","45591007","1292379","2.83","20869516","2.25",
"2025-01-15","Kinder Morgan, Inc.","KMI","NYSE","45591007","42759381","2831626","6.62","12186794","3.74",
"2024-12-31","Kinder Morgan, Inc.","KMI","NYSE","42759381","44901788","-2142407","-4.77","12157645","3.52",
"2024-12-13","Kinder Morgan, Inc.","KMI","NYSE","44901788","41993333","2908455","6.93","11877389","3.78",
"2024-11-29","Kinder Morgan, Inc.","KMI","NYSE","41993333","40293681","1699652","4.22","13688169","3.07",
"2024-11-15","Kinder Morgan, Inc.","KMI","NYSE","40293681","42757546","-2463865","-5.76","15277152","2.64",
"2024-10-31","Kinder Morgan, Inc.","KMI","NYSE","42757546","45058049","-2300503","-5.11","13552735","3.15",
"2024-10-15","Kinder Morgan, Inc.","KMI","NYSE","45058049","39909381","5148668","12.9","15143855","2.98",
"2024-09-30","Kinder Morgan, Inc.","KMI","NYSE","39909381","42185692","-2276311","-5.4","12527188","3.19",
"2024-09-13","Kinder Morgan, Inc.","KMI","NYSE","42185692","43450730","-1265038","-2.91","10879353","3.88",
"2024-08-30","Kinder Morgan, Inc.","KMI","NYSE","43450730","40470677","2980053","7.36","11223889","3.87",
"2024-08-15","Kinder Morgan, Inc.","KMI","NYSE","40470677","42962245","-2491568","-5.8","13343179","3.03",
"2024-07-31","Kinder Morgan, Inc.","KMI","NYSE","42962245","43808821","-846576","-1.93","20292785","2.12",
"2024-07-15","Kinder Morgan, Inc.","KMI","NYSE","43808821","46222187","-2413366","-5.22","12782447","3.43",
"2024-06-28","Kinder Morgan, Inc.","KMI","NYSE","46222187","42613832","3608355","8.47","16568561","2.79",
"2024-06-14","Kinder Morgan, Inc.","KMI","NYSE","42613832","43077598","-463766","-1.08","11097552","3.84",
"2024-05-31","Kinder Morgan, Inc.","KMI","NYSE","43077598","47126271","-4048673","-8.59","11562360","3.73",
"2024-05-15","Kinder Morgan, Inc.","KMI","NYSE","47126271","43880499","3245772","7.4","12502336","3.77",
"2024-04-30","Kinder Morgan, Inc.","KMI","NYSE","43880499","43108016","772483","1.79","15990662","2.74",
"2024-04-15","Kinder Morgan, Inc.","KMI","NYSE","43108016","44293459","-1185443","-2.68","10899770","3.95",
"2024-03-28","Kinder Morgan, Inc.","KMI","NYSE","44293459","34203952","10089507","29.5","13383437","3.31",
"2024-03-15","Kinder Morgan, Inc.","KMI","NYSE","34203952","29027358","5176594","17.83","14102004","2.43",
"2024-02-29","Kinder Morgan, Inc.","KMI","NYSE","29027358","28665387","361971","1.26","12440453","2.33",
"2024-02-15","Kinder Morgan, Inc.","KMI","NYSE","28665387","31538083","-2872696","-9.11","15096245","1.9",
"2024-01-31","Kinder Morgan, Inc.","KMI","NYSE","31538083","32579626","-1041543","-3.2","17623749","1.79",
"2024-01-12","Kinder Morgan, Inc.","KMI","NYSE","32579626","32385259","194367","0.6","13271746","2.45",
"2023-12-29","Kinder Morgan, Inc.","KMI","NYSE","32385259","32705762","-320503","-0.98","10388848","3.12",
"2023-12-15","Kinder Morgan, Inc.","KMI","NYSE","32705762","32351020","354742","1.1","16644462","1.96",
"2023-11-30","Kinder Morgan, Inc.","KMI","NYSE","32351020","30548860","1802160","5.9","12850094","2.52",
"2023-11-15","Kinder Morgan, Inc.","KMI","NYSE","30548860","30360706","188154","0.62","14077232","2.17","R"
"2023-10-31","Kinder Morgan, Inc.","KMI","NYSE","30403807","31868476","-1464669","-4.6","13974428","2.18",
"2023-10-13","Kinder Morgan, Inc.","KMI","NYSE","31868476","29529276","2339200","7.92","15104323","2.11",
"2023-09-29","Kinder Morgan, Inc.","KMI","NYSE","29529276","34693692","-5164416","-14.89","12163485","2.43",
"2023-09-15","Kinder Morgan, Inc.","KMI","NYSE","34693692","35030875","-337183","-0.96","15201973","2.28",
"2023-08-31","Kinder Morgan, Inc.","KMI","NYSE","35030875","37916311","-2885436","-7.61","10365620","3.38",
"2023-08-15","Kinder Morgan, Inc.","KMI","NYSE","37916311","37217088","699223","1.88","11077029","3.42",
"2023-07-31","Kinder Morgan, Inc.","KMI","NYSE","37217088","40207493","-2990405","-7.44","13649666","2.73",
"2023-07-14","Kinder Morgan, Inc.","KMI","NYSE","40207493","38332762","1874731","4.89","12883281","3.12",
"2023-06-30","Kinder Morgan, Inc.","KMI","NYSE","38332762","39925022","-1592260","-3.99","15210199","2.52",
"2023-06-15","Kinder Morgan, Inc.","KMI","NYSE","39925022","40479216","-554194","-1.37","12605486","3.17",
"2023-05-31","Kinder Morgan, Inc.","KMI","NYSE","40479216","38881288","1597928","4.11","13627657","2.97",
"2023-05-15","Kinder Morgan, Inc.","KMI","NYSE","38881288","37997197","884091","2.33","12951369","3",
"2023-04-28","Kinder Morgan, Inc.","KMI","NYSE","37997197","44111558","-6114361","-13.86","12195530","3.12",
"2023-04-14","Kinder Morgan, Inc.","KMI","NYSE","44111558","38513171","5598387","14.54","10365881","4.26",
"2023-03-31","Kinder Morgan, Inc.","KMI","NYSE","38513171","37084489","1428682","3.85","13693937","2.81",
"2023-03-15","Kinder Morgan, Inc.","KMI","NYSE","37084489","37027245","57244","0.15","13235240","2.8",
"2023-02-28","Kinder Morgan, Inc.","KMI","NYSE","37027245","39949638","-2922393","-7.32","12635517","2.93",
"2023-02-15","Kinder Morgan, Inc.","KMI","NYSE","39949638","37584109","2365529","6.29","12279254","3.25",
"2023-01-31","Kinder Morgan, Inc.","KMI","NYSE","37584109","33412111","4171998","12.49","14985474","2.51",
"2023-01-13","Kinder Morgan, Inc.","KMI","NYSE","33412111","33535291","-123180","-0.37","11108132","3.01",
"2022-12-30","Kinder Morgan, Inc.","KMI","NYSE","33535291","33685044","-149753","-0.44","11084274","3.03",
"2022-12-15","Kinder Morgan, Inc.","KMI","NYSE","33685044","39461753","-5776709","-14.64","13992703","2.41",
"2022-11-30","Kinder Morgan, Inc.","KMI","NYSE","39461753","39269716","192037","0.49","16173590","2.44",
"2022-11-15","Kinder Morgan, Inc.","KMI","NYSE","39269716","40511920","-1242204","-3.07","16764297","2.34",
"2022-10-31","Kinder Morgan, Inc.","KMI","NYSE","40511920","31175415","9336505","29.95","22458896","1.8",
"2022-10-14","Kinder Morgan, Inc.","KMI","NYSE","31175415","31416194","-240779","-0.77","18803691","1.66",
"2022-09-30","Kinder Morgan, Inc.","KMI","NYSE","31416194","32908374","-1492180","-4.53","24474550","1.28",
"2022-09-15","Kinder Morgan, Inc.","KMI","NYSE","32908374","34535628","-1627254","-4.71","16793089","1.96",
"2022-08-31","Kinder Morgan, Inc.","KMI","NYSE","34535628","38789301","-4253673","-10.97","12765557","2.71",
"2022-08-15","Kinder Morgan, Inc.","KMI","NYSE","38789301","34888644","3900657","11.18","13888753","2.79",
"2022-07-29","Kinder Morgan, Inc.","KMI","NYSE","34888644","32915054","1973590","6","14887969","2.34",
"2022-07-15","Kinder Morgan, Inc.","KMI","NYSE","32915054","30359468","2555586","8.42","14498024","2.27",
"2022-06-30","Kinder Morgan, Inc.","KMI","NYSE","30359468","29391577","967891","3.29","20319964","1.49",
"2022-06-15","Kinder Morgan, Inc.","KMI","NYSE","29391577","33622122","-4230545","-12.58","13316756","2.21",
"2022-05-31","Kinder Morgan, Inc.","KMI","NYSE","33622122","29176261","4445861","15.24","18460717","1.82",
"2022-05-13","Kinder Morgan, Inc.","KMI","NYSE","29176261","32839127","-3662866","-11.15","18834134","1.55",
"2022-04-29","Kinder Morgan, Inc.","KMI","NYSE","32839127","30436070","2403057","7.9","18264319","1.8",
"2022-04-14","Kinder Morgan, Inc.","KMI","NYSE","30436070","28508680","1927390","6.76","13310611","2.29",
"2022-03-31","Kinder Morgan, Inc.","KMI","NYSE","28508680","32531871","-4023191","-12.37","19124401","1.49",
"2022-03-15","Kinder Morgan, Inc.","KMI","NYSE","32531871","30724548","1807323","5.88","21154120","1.54",
"2022-02-28","Kinder Morgan, Inc.","KMI","NYSE","30724548","32787712","-2063164","-6.29","18646151","1.65",
"2022-02-15","Kinder Morgan, Inc.","KMI","NYSE","32787712","34314687","-1526975","-4.45","16613930","1.97",
"2022-01-31","Kinder Morgan, Inc.","KMI","NYSE","34314687","29948672","4366015","14.58","20316963","1.69",
"2022-01-14","Kinder Morgan, Inc.","KMI","NYSE","29948672","29677495","271177","0.91","16339117","1.83",
"2021-12-31","Kinder Morgan, Inc.","KMI","NYSE","29677495","30622820","-945325","-3.09","14918998","1.99",
"2021-12-15","Kinder Morgan, Inc.","KMI","NYSE","30622820","30122028","500792","1.66","16076748","1.9",
"2021-11-30","Kinder Morgan, Inc.","KMI","NYSE","30122028","29451703","670325","2.28","17033998","1.77",
"2021-11-15","Kinder Morgan, Inc.","KMI","NYSE","29451703","31008753","-1557050","-5.02","11376489","2.59",
"2021-10-29","Kinder Morgan, Inc.","KMI","NYSE","31008753","33304369","-2295616","-6.89","15942636","1.95",
"2021-10-15","Kinder Morgan, Inc.","KMI","NYSE","33304369","37227847","-3923478","-10.54","17207908","1.94",
"2021-09-30","Kinder Morgan, Inc.","KMI","NYSE","37227847","33866502","3361345","9.93","14992088","2.48",
"2021-09-15","Kinder Morgan, Inc.","KMI","NYSE","33866502","37874684","-4008182","-10.58","11828062","2.86",
"2021-08-31","Kinder Morgan, Inc.","KMI","NYSE","37874684","35776907","2097777","5.86","12614436","3",
"2021-08-13","Kinder Morgan, Inc.","KMI","NYSE","35776907","37838050","-2061143","-5.45","13263424","2.7",
"2021-07-30","Kinder Morgan, Inc.","KMI","NYSE","37838050","32682107","5155943","15.78","15255244","2.48",
"2021-07-15","Kinder Morgan, Inc.","KMI","NYSE","32682107","30169506","2512601","8.33","10236604","3.19",
"2021-06-30","Kinder Morgan, Inc.","KMI","NYSE","30169506","30614784","-445278","-1.45","12096550","2.49",
"2021-06-15","Kinder Morgan, Inc.","KMI","NYSE","30614784","28640780","1974004","6.89","15427410","1.98","R"
"2021-05-28","Kinder Morgan, Inc.","KMI","NYSE","28642880","25944676","2698204","10.4","15101605","1.9",
"2021-05-14","Kinder Morgan, Inc.","KMI","NYSE","25944676","27749164","-1804488","-6.5","14800198","1.75",
"2021-04-30","Kinder Morgan, Inc.","KMI","NYSE","27749164","27944217","-195053","-0.7","15054328","1.84",
"2021-04-15","Kinder Morgan, Inc.","KMI","NYSE","27944217","29093542","-1149325","-3.95","10700730","2.61",
"2021-03-31","Kinder Morgan, Inc.","KMI","NYSE","29093542","35942767","-6849225","-19.06","14783857","1.97",
"2021-03-15","Kinder Morgan, Inc.","KMI","NYSE","35942767","38059650","-2116883","-5.56","16532122","2.17",
"2021-02-26","Kinder Morgan, Inc.","KMI","NYSE","38059650","39006146","-946496","-2.43","13383964","2.84",
"2021-02-12","Kinder Morgan, Inc.","KMI","NYSE","39006146","38810336","195810","0.5","16054373","2.43",
"2021-01-29","Kinder Morgan, Inc.","KMI","NYSE","38810336","36857501","1952835","5.3","16688380","2.33",
"2021-01-15","Kinder Morgan, Inc.","KMI","NYSE","36857501","30571871","6285630","20.56","17891393","2.06",
"2020-12-31","Kinder Morgan, Inc.","KMI","NYSE","30571871","32193228","-1621357","-5.04","15296536","2",
"2020-12-15","Kinder Morgan, Inc.","KMI","NYSE","32193228","28723425","3469803","12.08","18267113","1.76",
"2020-11-30","Kinder Morgan, Inc.","KMI","NYSE","28723425","30467012","-1743587","-5.72","16685652","1.72",
"2020-11-13","Kinder Morgan, Inc.","KMI","NYSE","30467012","27056862","3410150","12.6","16320538","1.87",
"2020-10-30","Kinder Morgan, Inc.","KMI","NYSE","27056862","22615978","4440884","19.64","14991246","1.8",
"2020-10-15","Kinder Morgan, Inc.","KMI","NYSE","22615978","18668987","3946991","21.14","13100863","1.73",
"2020-09-30","Kinder Morgan, Inc.","KMI","NYSE","18668987","20841328","-2172341","-10.42","11854976","1.57",
"2020-09-15","Kinder Morgan, Inc.","KMI","NYSE","20841328","23858924","-3017596","-12.65","12025258","1.73",
"2020-08-31","Kinder Morgan, Inc.","KMI","NYSE","23858924","20002732","3856192","19.28","10099504","2.36",
"2020-08-14","Kinder Morgan, Inc.","KMI","NYSE","20002732","22648329","-2645597","-11.68","11308812","1.77",
"2020-07-31","Kinder Morgan, Inc.","KMI","NYSE","22648329","21962257","686072","3.12","10963165","2.07",
"2020-07-15","Kinder Morgan, Inc.","KMI","NYSE","21962257","22837141","-874884","-3.83","11577297","1.9",
"2020-06-30","Kinder Morgan, Inc.","KMI","NYSE","22837141","22366470","470671","2.1","11805202","1.93",
"2020-06-15","Kinder Morgan, Inc.","KMI","NYSE","22366470","21435345","931125","4.34","14410444","1.55",
"2020-05-29","Kinder Morgan, Inc.","KMI","NYSE","21435345","22447965","-1012620","-4.51","10761954","1.99",
"2020-05-15","Kinder Morgan, Inc.","KMI","NYSE","22447965","24015959","-1567994","-6.53","11543661","1.94","R"
"2020-04-30","Kinder Morgan, Inc.","KMI","NYSE","23700024","27803665","-4103641","-14.76","15953020","1.49",
"2020-04-15","Kinder Morgan, Inc.","KMI","NYSE","27803665","31609206","-3805541","-12.04","16574121","1.68",
"2020-03-31","Kinder Morgan, Inc.","KMI","NYSE","31609206","32540123","-930917","-2.86","26637333","1.19",
"2020-03-13","Kinder Morgan, Inc.","KMI","NYSE","32540123","33101361","-561238","-1.7","24704258","1.32",
"2020-02-28","Kinder Morgan, Inc.","KMI","NYSE","33101361","32364136","737225","2.28","18680459","1.77",
"2020-02-14","Kinder Morgan, Inc.","KMI","NYSE","32364136","39077047","-6712911","-17.18","9780727","3.31",
"2020-01-31","Kinder Morgan, Inc.","KMI","NYSE","39077047","34603413","4473634","12.93","13170163","2.97",
"2020-01-15","Kinder Morgan, Inc.","KMI","NYSE","34603413","32900983","1702430","5.17","11722382","2.95",
"2019-12-31","Kinder Morgan, Inc.","KMI","NYSE","32900983","33314904","-413921","-1.24","9472842","3.47",
"2019-12-13","Kinder Morgan, Inc.","KMI","NYSE","33314904","34684417","-1369513","-3.95","11552237","2.88",
"2019-11-29","Kinder Morgan, Inc.","KMI","NYSE","34684417","31612632","3071785","9.72","12596980","2.75","R"
"2019-11-15","Kinder Morgan, Inc.","KMI","NYSE","31612643","34566386","-2953743","-8.55","13453950","2.35",
"2019-10-31","Kinder Morgan, Inc.","KMI","NYSE","34566386","33410962","1155424","3.46","12306829","2.81",
"2019-10-15","Kinder Morgan, Inc.","KMI","NYSE","33410962","35389473","-1978511","-5.59","9645626","3.46",
"2019-09-30","Kinder Morgan, Inc.","KMI","NYSE","35389473","40063389","-4673916","-11.67","10359417","3.42",
"2019-09-13","Kinder Morgan, Inc.","KMI","NYSE","40063389","40666289","-602900","-1.48","11682500","3.43",
"2019-08-30","Kinder Morgan, Inc.","KMI","NYSE","40666289","57676343","-17010054","-29.49","12487934","3.26",
"2019-08-15","Kinder Morgan, Inc.","KMI","NYSE","57676343","43447097","14229246","32.75","16479176","3.5",
"2019-07-31","Kinder Morgan, Inc.","KMI","NYSE","43447097","44381862","-934765","-2.11","13908638","3.12",
"2019-07-15","Kinder Morgan, Inc.","KMI","NYSE","44381862","45585196","-1203334","-2.64","9269287","4.79",
"2019-06-28","Kinder Morgan, Inc.","KMI","NYSE","45585196","47979597","-2394401","-4.99","13683820","3.33",
"2019-06-14","Kinder Morgan, Inc.","KMI","NYSE","47979597","54592641","-6613044","-12.11","14729346","3.26",
"2019-05-31","Kinder Morgan, Inc.","KMI","NYSE","54592641","49707266","4885375","9.83","14064932","3.88",
"2019-05-15","Kinder Morgan, Inc.","KMI","NYSE","49707266","50922375","-1215109","-2.39","13116791","3.79",
"2019-04-30","Kinder Morgan, Inc.","KMI","NYSE","50922375","50951089","-28714","-0.06","15436612","3.3",
"2019-04-15","Kinder Morgan, Inc.","KMI","NYSE","50951089","56829716","-5878627","-10.34","11705319","4.35",
"2019-03-29","Kinder Morgan, Inc.","KMI","NYSE","56829716","52962403","3867313","7.3","15578463","3.65",
"2019-03-15","Kinder Morgan, Inc.","KMI","NYSE","52962403","45421531","7540872","16.6","17530962","3.02",
"2019-02-28","Kinder Morgan, Inc.","KMI","NYSE","45421531","46611909","-1190378","-2.55","14400393","3.15",
"2019-02-15","Kinder Morgan, Inc.","KMI","NYSE","46611909","51126460","-4514551","-8.83","13354985","3.49",
"2019-01-31","Kinder Morgan, Inc.","KMI","NYSE","51126460","47127624","3998836","8.49","17611083","2.9",
"2019-01-15","Kinder Morgan, Inc.","KMI","NYSE","47127624","53726662","-6599038","-12.28","17855647","2.64",
"2018-12-31","Kinder Morgan, Inc.","KMI","NYSE","53726662","44641018","9085644","20.35","19637806","2.74",
"2018-12-14","Kinder Morgan, Inc.","KMI","NYSE","44641018","42293837","2347181","5.55","16272225","2.74",
"2018-11-30","Kinder Morgan, Inc.","KMI","NYSE","42293837","39892543","2401294","6.02","14150097","2.99",
"2018-11-15","Kinder Morgan, Inc.","KMI","NYSE","39892543","49483097","-9590554","-19.38","13115284","3.04",
"2018-10-31","Kinder Morgan, Inc.","KMI","NYSE","49483097","44340938","5142159","11.6","20178069","2.45",
"2018-10-15","Kinder Morgan, Inc.","KMI","NYSE","44340938","36007218","8333720","23.14","15327873","2.89",
"2018-09-28","Kinder Morgan, Inc.","KMI","NYSE","36007218","41816113","-5808895","-13.89","13010878","2.77",
"2018-09-14","Kinder Morgan, Inc.","KMI","NYSE","41816113","34673505","7142608","20.6","10943652","3.82",
"2018-08-31","Kinder Morgan, Inc.","KMI","NYSE","34673505","35365854","-692349","-1.96","8692968","3.99",
"2018-08-15","Kinder Morgan, Inc.","KMI","NYSE","35365854","46170287","-10804433","-23.4","12427930","2.85",
"2018-07-31","Kinder Morgan, Inc.","KMI","NYSE","46170287","33663856","12506431","37.15","12913804","3.58",
"2018-07-13","Kinder Morgan, Inc.","KMI","NYSE","33663856","33190905","472951","1.42","8248704","4.08","R"
"2018-06-29","Kinder Morgan, Inc.","KMI","NYSE","33191873","43125271","-9933398","-23.03","12806518","2.59",
"2018-06-15","Kinder Morgan, Inc.","KMI","NYSE","43125271","44679811","-1554540","-3.48","14663467","2.94",
"2018-05-31","Kinder Morgan, Inc.","KMI","NYSE","44679811","47905833","-3226022","-6.73","16156628","2.77",
"2018-05-15","Kinder Morgan, Inc.","KMI","NYSE","47905833","52311137","-4405304","-8.42","14250778","3.36",
"2018-04-30","Kinder Morgan, Inc.","KMI","NYSE","52311137","46589534","5721603","12.28","13654453","3.83",
"2018-04-13","Kinder Morgan, Inc.","KMI","NYSE","46589534","53198334","-6608800","-12.42","15025283","3.1",
"2018-03-29","Kinder Morgan, Inc.","KMI","NYSE","53198334","62758890","-9560556","-15.23","20321657","2.62",
"2018-03-15","Kinder Morgan Inc","KMI","NYSE","62758890","61595125","1163765","1.89","17052812","3.68",
"2018-02-28","Kinder Morgan Inc","KMI","NYSE","61595125","63694432","-2099307","-3.3","12945224","4.76",
"2018-02-15","Kinder Morgan Inc","KMI","NYSE","63694432","63356199","338233","0.53","18397412","3.46",
"2018-01-31","Kinder Morgan Inc","KMI","NYSE","63356199","53254730","10101469","18.97","19622578","3.23",
"2018-01-12","Kinder Morgan Inc","KMI","NYSE","53254730","46662678","6592052","14.13","13685428","3.89",
"2017-12-29","Kinder Morgan Inc","KMI","NYSE","46662678","48365316","-1702638","-3.52","11891132","3.92",
