"Settlement Date","Issue Name","Symbol","Market","Current Short","Previous Short","Chg","% Change from Previous","Avg Daily Vol","Days to Cover","Revision Flag"
"2025-09-15","Mohawk Industries, Inc.","MHK","NYSE","2445253","2428410","16843","0.69","667299","3.66",
"2025-08-29","Mohawk Industries, Inc.","MHK","NYSE","2428410","2412970","15440","0.64","752911","3.23",
"2025-08-15","Mohawk Industries, Inc.","MHK","NYSE","2412970","2505343","-92373","-3.69","857881","2.81",
"2025-07-31","Mohawk Industries, Inc.","MHK","NYSE","2505343","1860662","644681","34.65","1037569","2.41",
"2025-07-15","Mohawk Industries, Inc.","MHK","NYSE","1860662","1955125","-94463","-4.83","772000","2.41",
"2025-06-30","Mohawk Industries, Inc.","MHK","NYSE","1955125","2000662","-45537","-2.28","912486","2.14",
"2025-06-13","Mohawk Industries, Inc.","MHK","NYSE","2000662","1637544","363118","22.17","770499","2.6",
"2025-05-30","Mohawk Industries, Inc.","MHK","NYSE","1637544","1744573","-107029","-6.13","578015","2.83",
"2025-05-15","Mohawk Industries, Inc.","MHK","NYSE","1744573","1847038","-102465","-5.55","931445","1.87",
"2025-04-30","Mohawk Industries, Inc.","MHK","NYSE","1847038","2122066","-275028","-12.96","672380","2.75",
"2025-04-15","Mohawk Industries, Inc.","MHK","NYSE","2122066","1471820","650246","44.18","939659","2.26",
"2025-03-31","Mohawk Industries, Inc.","MHK","NYSE","1471820","1582031","-110211","-6.97","770163","1.91",
"2025-03-14","Mohawk Industries, Inc.","MHK","NYSE","1582031","1331378","250653","18.83","779378","2.03",
"2025-02-28","Mohawk Industries, Inc.","MHK","NYSE","1331378","1175541","155837","13.26","614284","2.17",
"2025-02-14","Mohawk Industries, Inc.","MHK","NYSE","1175541","1652769","-477228","-28.87","992883","1.18",
"2025-01-31","Mohawk Industries, Inc.","MHK","NYSE","1652769","1209787","442982","36.62","792930","2.08",
"2025-01-15","Mohawk Industries, Inc.","MHK","NYSE","1209787","959443","250344","26.09","699991","1.73",
"2024-12-31","Mohawk Industries, Inc.","MHK","NYSE","959443","1015244","-55801","-5.5","596321","1.61",
"2024-12-13","Mohawk Industries, Inc.","MHK","NYSE","1015244","888628","126616","14.25","800759","1.27",
"2024-11-29","Mohawk Industries, Inc.","MHK","NYSE","888628","857067","31561","3.68","502286","1.77",
"2024-11-15","Mohawk Industries, Inc.","MHK","NYSE","857067","769034","88033","11.45","835498","1.03",
"2024-10-31","Mohawk Industries, Inc.","MHK","NYSE","769034","911848","-142814","-15.66","1063622","1",
"2024-10-15","Mohawk Industries, Inc.","MHK","NYSE","911848","811266","100582","12.4","569843","1.6",
"2024-09-30","Mohawk Industries, Inc.","MHK","NYSE","811266","1233001","-421735","-34.2","710439","1.14",
"2024-09-13","Mohawk Industries, Inc.","MHK","NYSE","1233001","1272980","-39979","-3.14","575869","2.14",
"2024-08-30","Mohawk Industries, Inc.","MHK","NYSE","1272980","1572532","-299552","-19.05","477750","2.66",
"2024-08-15","Mohawk Industries, Inc.","MHK","NYSE","1572532","1773056","-200524","-11.31","708162","2.22",
"2024-07-31","Mohawk Industries, Inc.","MHK","NYSE","1773056","2306421","-533365","-23.13","1159081","1.53",
"2024-07-15","Mohawk Industries, Inc.","MHK","NYSE","2306421","2152623","153798","7.14","750848","3.07",
"2024-06-28","Mohawk Industries, Inc.","MHK","NYSE","2152623","1898827","253796","13.37","804652","2.68",
"2024-06-14","Mohawk Industries, Inc.","MHK","NYSE","1898827","1750477","148350","8.47","639463","2.97",
"2024-05-31","Mohawk Industries, Inc.","MHK","NYSE","1750477","1535468","215009","14","550522","3.18",
"2024-05-15","Mohawk Industries, Inc.","MHK","NYSE","1535468","1710200","-174732","-10.22","549046","2.8",
"2024-04-30","Mohawk Industries, Inc.","MHK","NYSE","1710200","1872621","-162421","-8.67","670315","2.55",
"2024-04-15","Mohawk Industries, Inc.","MHK","NYSE","1872621","1874633","-2012","-0.11","638847","2.93",
"2024-03-28","Mohawk Industries, Inc.","MHK","NYSE","1874633","1901812","-27179","-1.43","455555","4.12",
"2024-03-15","Mohawk Industries, Inc.","MHK","NYSE","1901812","1754211","147601","8.41","690999","2.75",
"2024-02-29","Mohawk Industries, Inc.","MHK","NYSE","1754211","1844780","-90569","-4.91","628018","2.79",
"2024-02-15","Mohawk Industries, Inc.","MHK","NYSE","1844780","1515661","329119","21.71","1077234","1.71",
"2024-01-31","Mohawk Industries, Inc.","MHK","NYSE","1515661","1974732","-459071","-23.25","724811","2.09",
"2024-01-12","Mohawk Industries, Inc.","MHK","NYSE","1974732","2194042","-219310","-10","762753","2.59",
"2023-12-29","Mohawk Industries, Inc.","MHK","NYSE","2194042","2360379","-166337","-7.05","539918","4.06",
"2023-12-15","Mohawk Industries, Inc.","MHK","NYSE","2360379","2462886","-102507","-4.16","1186795","1.99",
"2023-11-30","Mohawk Industries, Inc.","MHK","NYSE","2462886","2143758","319128","14.89","1080262","2.28",
"2023-11-15","Mohawk Industries, Inc.","MHK","NYSE","2143758","1929784","213974","11.09","834283","2.57",
"2023-10-31","Mohawk Industries, Inc.","MHK","NYSE","1929784","2048923","-119139","-5.81","846808","2.28",
"2023-10-13","Mohawk Industries, Inc.","MHK","NYSE","2048923","1900655","148268","7.8","770831","2.66",
"2023-09-29","Mohawk Industries, Inc.","MHK","NYSE","1900655","1808136","92519","5.12","794411","2.39",
"2023-09-15","Mohawk Industries, Inc.","MHK","NYSE","1808136","1620125","188011","11.6","720194","2.51",
"2023-08-31","Mohawk Industries, Inc.","MHK","NYSE","1620125","1598199","21926","1.37","468855","3.46",
"2023-08-15","Mohawk Industries, Inc.","MHK","NYSE","1598199","1424900","173299","12.16","533557","3",
"2023-07-31","Mohawk Industries, Inc.","MHK","NYSE","1424900","1595524","-170624","-10.69","999523","1.43",
"2023-07-14","Mohawk Industries, Inc.","MHK","NYSE","1595524","1591833","3691","0.23","860414","1.85",
"2023-06-30","Mohawk Industries, Inc.","MHK","NYSE","1591833","1352990","238843","17.65","599529","2.66",
"2023-06-15","Mohawk Industries, Inc.","MHK","NYSE","1352990","1209672","143318","11.85","678736","1.99",
"2023-05-31","Mohawk Industries, Inc.","MHK","NYSE","1209672","1161713","47959","4.13","564048","2.14",
"2023-05-15","Mohawk Industries, Inc.","MHK","NYSE","1161713","1330570","-168857","-12.69","538230","2.16",
"2023-04-28","Mohawk Industries, Inc.","MHK","NYSE","1330570","1510457","-179887","-11.91","632915","2.1",
"2023-04-14","Mohawk Industries, Inc.","MHK","NYSE","1510457","1363146","147311","10.81","599300","2.52",
"2023-03-31","Mohawk Industries, Inc.","MHK","NYSE","1363146","1694054","-330908","-19.53","507381","2.69",
"2023-03-15","Mohawk Industries, Inc.","MHK","NYSE","1694054","1900183","-206129","-10.85","530061","3.2",
"2023-02-28","Mohawk Industries, Inc.","MHK","NYSE","1900183","1566756","333427","21.28","623745","3.05",
"2023-02-15","Mohawk Industries, Inc.","MHK","NYSE","1566756","1611420","-44664","-2.77","606261","2.58",
"2023-01-31","Mohawk Industries, Inc.","MHK","NYSE","1611420","1871651","-260231","-13.9","600553","2.68",
"2023-01-13","Mohawk Industries, Inc.","MHK","NYSE","1871651","2009923","-138272","-6.88","674827","2.77",
"2022-12-30","Mohawk Industries, Inc.","MHK","NYSE","2009923","1907423","102500","5.37","626958","3.21",
"2022-12-15","Mohawk Industries, Inc.","MHK","NYSE","1907423","1633322","274101","16.78","558146","3.42",
"2022-11-30","Mohawk Industries, Inc.","MHK","NYSE","1633322","1674224","-40902","-2.44","364670","4.48",
"2022-11-15","Mohawk Industries, Inc.","MHK","NYSE","1674224","2224864","-550640","-24.75","638960","2.62",
"2022-10-31","Mohawk Industries, Inc.","MHK","NYSE","2224864","1898265","326599","17.21","742957","2.99",
"2022-10-14","Mohawk Industries, Inc.","MHK","NYSE","1898265","1907199","-8934","-0.47","567710","3.34",
"2022-09-30","Mohawk Industries, Inc.","MHK","NYSE","1907199","1968946","-61747","-3.14","744789","2.56",
"2022-09-15","Mohawk Industries, Inc.","MHK","NYSE","1968946","1734029","234917","13.55","736820","2.67",
"2022-08-31","Mohawk Industries, Inc.","MHK","NYSE","1734029","1469545","264484","18","535146","3.24",
"2022-08-15","Mohawk Industries, Inc.","MHK","NYSE","1469545","1769884","-300339","-16.97","505637","2.91",
"2022-07-29","Mohawk Industries, Inc.","MHK","NYSE","1769884","1953251","-183367","-9.39","544140","3.25",
"2022-07-15","Mohawk Industries, Inc.","MHK","NYSE","1953251","1845622","107629","5.83","646603","3.02",
"2022-06-30","Mohawk Industries, Inc.","MHK","NYSE","1845622","1944349","-98727","-5.08","693797","2.66",
"2022-06-15","Mohawk Industries, Inc.","MHK","NYSE","1944349","2087734","-143385","-6.87","419874","4.63",
"2022-05-31","Mohawk Industries, Inc.","MHK","NYSE","2087734","2241349","-153615","-6.85","573942","3.64",
"2022-05-13","Mohawk Industries, Inc.","MHK","NYSE","2241349","2460073","-218724","-8.89","775568","2.89",
"2022-04-29","Mohawk Industries, Inc.","MHK","NYSE","2460073","2552133","-92060","-3.61","780025","3.15",
"2022-04-14","Mohawk Industries, Inc.","MHK","NYSE","2552133","2404572","147561","6.14","582284","4.38",
"2022-03-31","Mohawk Industries, Inc.","MHK","NYSE","2404572","2362320","42252","1.79","789786","3.04",
"2022-03-15","Mohawk Industries, Inc.","MHK","NYSE","2362320","1427950","934370","65.43","1075096","2.2",
"2022-02-28","Mohawk Industries, Inc.","MHK","NYSE","1427950","1220286","207664","17.02","865036","1.65",
"2022-02-15","Mohawk Industries, Inc.","MHK","NYSE","1220286","980910","239376","24.4","700693","1.74",
"2022-01-31","Mohawk Industries, Inc.","MHK","NYSE","980910","923639","57271","6.2","559860","1.75",
"2022-01-14","Mohawk Industries, Inc.","MHK","NYSE","923639","1144959","-221320","-19.33","483169","1.91",
"2021-12-31","Mohawk Industries, Inc.","MHK","NYSE","1144959","833008","311951","37.45","571761","2",
"2021-12-15","Mohawk Industries, Inc.","MHK","NYSE","833008","923719","-90711","-9.82","590590","1.41",
"2021-11-30","Mohawk Industries, Inc.","MHK","NYSE","923719","914539","9180","1","580233","1.59",
"2021-11-15","Mohawk Industries, Inc.","MHK","NYSE","914539","1333897","-419358","-31.44","616109","1.48",
"2021-10-29","Mohawk Industries, Inc.","MHK","NYSE","1333897","1265436","68461","5.41","571615","2.33",
"2021-10-15","Mohawk Industries, Inc.","MHK","NYSE","1265436","1305711","-40275","-3.08","459895","2.75",
"2021-09-30","Mohawk Industries, Inc.","MHK","NYSE","1305711","1493771","-188060","-12.59","538529","2.42",
"2021-09-15","Mohawk Industries, Inc.","MHK","NYSE","1493771","1409288","84483","5.99","377663","3.96",
"2021-08-31","Mohawk Industries, Inc.","MHK","NYSE","1409288","1082561","326727","30.18","386110","3.65",
"2021-08-13","Mohawk Industries, Inc.","MHK","NYSE","1082561","828457","254104","30.67","418058","2.59",
"2021-07-30","Mohawk Industries, Inc.","MHK","NYSE","828457","928600","-100143","-10.78","455946","1.82",
"2021-07-15","Mohawk Industries, Inc.","MHK","NYSE","928600","1128313","-199713","-17.7","489255","1.9",
"2021-06-30","Mohawk Industries, Inc.","MHK","NYSE","1128313","1126689","1624","0.14","529671","2.13",
"2021-06-15","Mohawk Industries, Inc.","MHK","NYSE","1126689","1164999","-38310","-3.29","654459","1.72","R"
"2021-05-28","Mohawk Industries, Inc.","MHK","NYSE","1164363","1168784","-4421","-0.38","459281","2.54",
"2021-05-14","Mohawk Industries, Inc.","MHK","NYSE","1168784","1047163","121621","11.61","555780","2.1",
"2021-04-30","Mohawk Industries, Inc.","MHK","NYSE","1047163","1234156","-186993","-15.15","406029","2.58",
"2021-04-15","Mohawk Industries, Inc.","MHK","NYSE","1234156","1150727","83429","7.25","426892","2.89",
"2021-03-31","Mohawk Industries, Inc.","MHK","NYSE","1150727","1077682","73045","6.78","612551","1.88",
"2021-03-15","Mohawk Industries, Inc.","MHK","NYSE","1077682","1129159","-51477","-4.56","455093","2.37",
"2021-02-26","Mohawk Industries, Inc.","MHK","NYSE","1129159","1140350","-11191","-0.98","509344","2.22",
"2021-02-12","Mohawk Industries, Inc.","MHK","NYSE","1140350","1415587","-275237","-19.44","486975","2.34",
"2021-01-29","Mohawk Industries, Inc.","MHK","NYSE","1415587","1463372","-47785","-3.27","320164","4.42",
"2021-01-15","Mohawk Industries, Inc.","MHK","NYSE","1463372","1138192","325180","28.57","471677","3.1",
"2020-12-31","Mohawk Industries, Inc.","MHK","NYSE","1138192","1291470","-153278","-11.87","521368","2.18",
"2020-12-15","Mohawk Industries, Inc.","MHK","NYSE","1291470","1529150","-237680","-15.54","661055","1.95",
"2020-11-30","Mohawk Industries, Inc.","MHK","NYSE","1529150","1702294","-173144","-10.17","498040","3.07",
"2020-11-13","Mohawk Industries, Inc.","MHK","NYSE","1702294","1297582","404712","31.19","835864","2.04",
"2020-10-30","Mohawk Industries, Inc.","MHK","NYSE","1297582","1675947","-378365","-22.58","480098","2.7","R"
"2020-10-15","Mohawk Industries, Inc.","MHK","NYSE","1675892","1802153","-126261","-7.01","455997","3.68",
"2020-09-30","Mohawk Industries, Inc.","MHK","NYSE","1802153","1936923","-134770","-6.96","478180","3.77",
"2020-09-15","Mohawk Industries, Inc.","MHK","NYSE","1936923","2177482","-240559","-11.05","494596","3.92",
"2020-08-31","Mohawk Industries, Inc.","MHK","NYSE","2177482","1995705","181777","9.11","604691","3.6",
"2020-08-14","Mohawk Industries, Inc.","MHK","NYSE","1995705","2128045","-132340","-6.22","834372","2.39",
"2020-07-31","Mohawk Industries, Inc.","MHK","NYSE","2128045","2602302","-474257","-18.22","1175525","1.81",
"2020-07-15","Mohawk Industries, Inc.","MHK","NYSE","2602302","3686449","-1084147","-29.41","2958941","1",
"2020-06-30","Mohawk Industries, Inc.","MHK","NYSE","3686449","4348814","-662365","-15.23","944292","3.9",
"2020-06-15","Mohawk Industries, Inc.","MHK","NYSE","4348814","3817369","531445","13.92","763477","5.7",
"2020-05-29","Mohawk Industries, Inc.","MHK","NYSE","3817369","3846504","-29135","-0.76","615452","6.2",
"2020-05-15","Mohawk Industries, Inc.","MHK","NYSE","3846504","3671234","175270","4.77","714269","5.39","R"
"2020-04-30","Mohawk Industries, Inc.","MHK","NYSE","3662253","3459619","202634","5.86","797913","4.59",
"2020-04-15","Mohawk Industries, Inc.","MHK","NYSE","3459619","2713705","745914","27.49","1009017","3.43",
"2020-03-31","Mohawk Industries, Inc.","MHK","NYSE","2713705","2922839","-209134","-7.16","1235478","2.2",
"2020-03-13","Mohawk Industries, Inc.","MHK","NYSE","2922839","3545514","-622675","-17.56","928488","3.15",
"2020-02-28","Mohawk Industries, Inc.","MHK","NYSE","3545514","3588800","-43286","-1.21","1029050","3.45",
"2020-02-14","Mohawk Industries, Inc.","MHK","NYSE","3588800","4061278","-472478","-11.63","541267","6.63",
"2020-01-31","Mohawk Industries, Inc.","MHK","NYSE","4061278","4042559","18719","0.46","581704","6.98",
"2020-01-15","Mohawk Industries, Inc.","MHK","NYSE","4042559","4005686","36873","0.92","673086","6.01",
"2019-12-31","Mohawk Industries, Inc.","MHK","NYSE","4005686","4075858","-70172","-1.72","335466","11.94",
"2019-12-13","Mohawk Industries, Inc.","MHK","NYSE","4075858","4214110","-138252","-3.28","571853","7.13",
"2019-11-29","Mohawk Industries, Inc.","MHK","NYSE","4214110","4392606","-178496","-4.06","561193","7.51",
"2019-11-15","Mohawk Industries, Inc.","MHK","NYSE","4392606","3678099","714507","19.43","842751","5.21",
"2019-10-31","Mohawk Industries, Inc.","MHK","NYSE","3678099","4288727","-610628","-14.24","1146525","3.21",
"2019-10-15","Mohawk Industries, Inc.","MHK","NYSE","4288727","3873561","415166","10.72","695185","6.17",
"2019-09-30","Mohawk Industries, Inc.","MHK","NYSE","3873561","3648985","224576","6.15","666738","5.81",
"2019-09-13","Mohawk Industries, Inc.","MHK","NYSE","3648985","3596379","52606","1.46","605628","6.03",
"2019-08-30","Mohawk Industries, Inc.","MHK","NYSE","3596379","4345941","-749562","-17.25","634994","5.66",
"2019-08-15","Mohawk Industries, Inc.","MHK","NYSE","4345941","5101832","-755891","-14.82","841119","5.17",
"2019-07-31","Mohawk Industries, Inc.","MHK","NYSE","5101832","5480130","-378298","-6.9","1231805","4.14",
"2019-07-15","Mohawk Industries, Inc.","MHK","NYSE","5480130","5639216","-159086","-2.82","384704","14.25",
"2019-06-28","Mohawk Industries, Inc.","MHK","NYSE","5639216","5890601","-251385","-4.27","726362","7.76",
"2019-06-14","Mohawk Industries, Inc.","MHK","NYSE","5890601","5773501","117100","2.03","686716","8.58","R"
"2019-05-31","Mohawk Industries, Inc.","MHK","NYSE","5591719","4523765","1067954","23.61","831206","6.73",
"2019-05-15","Mohawk Industries, Inc.","MHK","NYSE","4523765","4516099","7666","0.17","604759","7.48",
"2019-04-30","Mohawk Industries, Inc.","MHK","NYSE","4516099","4014542","501557","12.49","984449","4.59",
"2019-04-15","Mohawk Industries, Inc.","MHK","NYSE","4014542","4061768","-47226","-1.16","531612","7.55",
"2019-03-29","Mohawk Industries, Inc.","MHK","NYSE","4061768","4530676","-468908","-10.35","687059","5.91",
"2019-03-15","Mohawk Industries, Inc.","MHK","NYSE","4530676","4317266","213410","4.94","837719","5.41",
"2019-02-28","Mohawk Industries, Inc.","MHK","NYSE","4317266","4007929","309337","7.72","698503","6.18",
"2019-02-15","Mohawk Industries, Inc.","MHK","NYSE","4007929","4308219","-300290","-6.97","1577369","2.54",
"2019-01-31","Mohawk Industries, Inc.","MHK","NYSE","4308219","3909447","398772","10.2","1062969","4.05",
"2019-01-15","Mohawk Industries, Inc.","MHK","NYSE","3909447","4250018","-340571","-8.01","900213","4.34",
"2018-12-31","Mohawk Industries, Inc.","MHK","NYSE","4250018","3970450","279568","7.04","1005152","4.23",
"2018-12-14","Mohawk Industries, Inc.","MHK","NYSE","3970450","3546966","423484","11.94","1170750","3.39",
"2018-11-30","Mohawk Industries, Inc.","MHK","NYSE","3546966","3133342","413624","13.2","776801","4.57",
"2018-11-15","Mohawk Industries, Inc.","MHK","NYSE","3133342","3038750","94592","3.11","1300679","2.41",
"2018-10-31","Mohawk Industries, Inc.","MHK","NYSE","3038750","2266734","772016","34.06","2539145","1.2",
"2018-10-15","Mohawk Industries, Inc.","MHK","NYSE","2266734","1935989","330745","17.08","1154853","1.96",
"2018-09-28","Mohawk Industries, Inc.","MHK","NYSE","1935989","2145959","-209970","-9.78","923834","2.1",
"2018-09-14","Mohawk Industries, Inc.","MHK","NYSE","2145959","2882698","-736739","-25.56","909832","2.36",
"2018-08-31","Mohawk Industries, Inc.","MHK","NYSE","2882698","3139171","-256473","-8.17","671497","4.29",
"2018-08-15","Mohawk Industries, Inc.","MHK","NYSE","3139171","3092037","47134","1.52","1109193","2.83",
"2018-07-31","Mohawk Industries, Inc.","MHK","NYSE","3092037","2877191","214846","7.47","1816303","1.7",
"2018-07-13","Mohawk Industries, Inc.","MHK","NYSE","2877191","2411317","465874","19.32","934828","3.08","R"
"2018-06-29","Mohawk Industries, Inc.","MHK","NYSE","2411331","1983751","427580","21.55","864167","2.79",
"2018-06-15","Mohawk Industries, Inc.","MHK","NYSE","1983751","1720974","262777","15.27","729064","2.72",
"2018-05-31","Mohawk Industries, Inc.","MHK","NYSE","1720974","1315456","405518","30.83","863485","1.99",
"2018-05-15","Mohawk Industries, Inc.","MHK","NYSE","1315456","1175734","139722","11.88","962569","1.37",
"2018-04-30","Mohawk Industries, Inc.","MHK","NYSE","1175734","1264004","-88270","-6.98","1164458","1.01",
"2018-04-13","Mohawk Industries, Inc.","MHK","NYSE","1264004","1300247","-36243","-2.79","619570","2.04",
"2018-03-29","Mohawk Industries, Inc.","MHK","NYSE","1300247","1385127","-84880","-6.13","734107","1.77",
"2018-03-15","Mohawk Industries","MHK","NYSE","1385127","1623888","-238761","-14.7","708103","1.96",
"2018-02-28","Mohawk Industries","MHK","NYSE","1623888","1532398","91490","5.97","789845","2.06",
"2018-02-15","Mohawk Industries","MHK","NYSE","1532398","1188798","343600","28.9","1074629","1.43",
"2018-01-31","Mohawk Industries","MHK","NYSE","1188798","1096843","91955","8.38","553210","2.15",
"2018-01-12","Mohawk Industries","MHK","NYSE","1096843","928236","168607","18.16","577740","1.9",
"2017-12-29","Mohawk Industries","MHK","NYSE","928236","921467","6769","0.73","447376","2.07",
