"Settlement Date","Issue Name","Symbol","Market","Current Short","Previous Short","Chg","% Change from Previous","Avg Daily Vol","Days to Cover","Revision Flag"
"2025-09-15","Quantum Computing Inc. Common","QUBT","SC","27366154","26185107","1181047","4.51","17100255","1.6",
"2025-08-29","Quantum Computing Inc. Common","QUBT","SC","26185107","30849498","-4664391","-15.12","14687320","1.78",
"2025-08-15","Quantum Computing Inc. Common","QUBT","SC","30849498","27331384","3518114","12.87","16360969","1.89",
"2025-07-31","Quantum Computing Inc. Common","QUBT","SC","27331384","30381049","-3049665","-10.04","17016691","1.61",
"2025-07-15","Quantum Computing Inc. Common","QUBT","SC","30381049","34568094","-4187045","-12.11","20526673","1.48",
"2025-06-30","Quantum Computing Inc. Common","QUBT","SC","34568094","27453165","7114929","25.92","35891435","1",
"2025-06-13","Quantum Computing Inc. Common","QUBT","SC","27453165","27022375","430790","1.59","40435672","1",
"2025-05-30","Quantum Computing Inc. Common","QUBT","SC","27022375","26218341","804034","3.07","46513282","1",
"2025-05-15","Quantum Computing Inc. Common","QUBT","SC","26218341","21544099","4674242","21.7","14353177","1.83",
"2025-04-30","Quantum Computing Inc. Common","QUBT","SC","21544099","20767709","776390","3.74","7492430","2.88",
"2025-04-15","Quantum Computing Inc. Common","QUBT","SC","20767709","23623533","-2855824","-12.09","11726114","1.77",
"2025-03-31","Quantum Computing Inc. Common","QUBT","SC","23623533","21203474","2420059","11.41","34498131","1",
"2025-03-14","Quantum Computing Inc. Common","QUBT","SC","21203474","19506935","1696539","8.7","13524291","1.57",
"2025-02-28","Quantum Computing Inc. Common","QUBT","SC","19506935","20229298","-722363","-3.57","13071056","1.49",
"2025-02-14","Quantum Computing Inc. Common","QUBT","SC","20229298","25144039","-4914741","-19.55","15324043","1.32",
"2025-01-31","Quantum Computing Inc. Common","QUBT","SC","25144039","19373814","5770225","29.78","32178188","1",
"2025-01-15","Quantum Computing Inc. Common","QUBT","SC","19373814","16073325","3300489","20.53","46930029","1",
"2024-12-31","Quantum Computing Inc. Common","QUBT","SC","16073325","12991031","3082294","23.73","90450613","1",
"2024-12-13","Quantum Computing Inc. Common","QUBT","SC","12991031","14596001","-1604970","-11","23559136","1",
"2024-11-29","Quantum Computing Inc. Common","QUBT","SC","14596001","11913200","2682801","22.52","71090134","1",
"2024-11-15","Quantum Computing Inc. Common","QUBT","SC","11913200","4360791","7552409","173.19","37917527","1",
"2024-10-31","Quantum Computing Inc. Common","QUBT","SC","4360791","2960521","1400270","47.3","4195570","1.04",
"2024-10-15","Quantum Computing Inc. Common","QUBT","SC","2960521","2943922","16599","0.56","393018","7.53",
"2024-09-30","Quantum Computing Inc. Common","QUBT","SC","2943922","2072485","871437","42.05","443186","6.64",
"2024-09-13","Quantum Computing Inc. Common","QUBT","SC","2072485","2816576","-744091","-26.42","411985","5.03",
"2024-08-30","Quantum Computing Inc. Common","QUBT","SC","2816576","2675006","141570","5.29","409538","6.88",
"2024-08-15","Quantum Computing Inc. Common","QUBT","SC","2675006","2874912","-199906","-6.95","493963","5.42",
"2024-07-31","Quantum Computing Inc. Common","QUBT","SC","2874912","2653676","221236","8.34","901196","3.19",
"2024-07-15","Quantum Computing Inc. Common","QUBT","SC","2653676","3255945","-602269","-18.5","1526980","1.74",
"2024-06-28","Quantum Computing Inc. Common","QUBT","SC","3255945","3679755","-423810","-11.52","914874","3.56",
"2024-06-14","Quantum Computing Inc. Common","QUBT","SC","3679755","3196371","483384","15.12","778467","4.73",
"2024-05-31","Quantum Computing Inc. Common","QUBT","SC","3196371","3527204","-330833","-9.38","851394","3.75",
"2024-05-15","Quantum Computing Inc. Common","QUBT","SC","3527204","4020328","-493124","-12.27","699446","5.04",
"2024-04-30","Quantum Computing Inc. Common","QUBT","SC","4020328","3207377","812951","25.35","959047","4.19",
"2024-04-15","Quantum Computing Inc. Common","QUBT","SC","3207377","3148512","58865","1.87","1291029","2.48",
"2024-03-28","Quantum Computing Inc. Common","QUBT","SC","3148512","3384733","-236221","-6.98","2231117","1.41",
"2024-03-15","Quantum Computing Inc. Common","QUBT","SC","3384733","3769008","-384275","-10.2","2478948","1.37",
"2024-02-29","Quantum Computing Inc. Common","QUBT","SC","3769008","2186280","1582728","72.39","2201509","1.71",
"2024-02-15","Quantum Computing Inc. Common","QUBT","SC","2186280","1752913","433367","24.72","1346255","1.62",
"2024-01-31","Quantum Computing Inc. Common","QUBT","SC","1752913","1677994","74919","4.46","786733","2.23",
"2024-01-12","Quantum Computing Inc. Common","QUBT","SC","1677994","1649715","28279","1.71","559937","3",
"2023-12-29","Quantum Computing Inc. Common","QUBT","SC","1649715","2160923","-511208","-23.66","853188","1.93",
"2023-12-15","Quantum Computing Inc. Common","QUBT","SC","2160923","2023755","137168","6.78","749847","2.88",
"2023-11-30","Quantum Computing Inc. Common","QUBT","SC","2023755","1803866","219889","12.19","394198","5.13",
"2023-11-15","Quantum Computing Inc. Common","QUBT","SC","1803866","1872643","-68777","-3.67","388022","4.65",
"2023-10-31","Quantum Computing Inc. Common","QUBT","SC","1872643","2359954","-487311","-20.65","483906","3.87",
"2023-10-13","Quantum Computing Inc. Common","QUBT","SC","2359954","1603041","756913","47.22","702494","3.36",
"2023-09-29","Quantum Computing Inc. Common","QUBT","SC","1603041","2084243","-481202","-23.09","603460","2.66",
"2023-09-15","Quantum Computing Inc. Common","QUBT","SC","2084243","2679864","-595621","-22.23","1064527","1.96",
"2023-08-31","Quantum Computing Inc. Common","QUBT","SC","2679864","4350805","-1670941","-38.41","1191175","2.25",
"2023-08-15","Quantum Computing Inc. Common","QUBT","SC","4350805","2179662","2171143","99.61","4319256","1.01",
"2023-07-31","Quantum Computing Inc. Common","QUBT","SC","2179662","1715722","463940","27.04","1947631","1.12",
"2023-07-14","Quantum Computing Inc. Common","QUBT","SC","1715722","1350792","364930","27.02","1779573","1",
"2023-06-30","Quantum Computing Inc. Common","QUBT","SC","1350792","1318235","32557","2.47","1556386","1",
"2023-06-15","Quantum Computing Inc. Common","QUBT","SC","1318235","1911053","-592818","-31.02","2018827","1",
"2023-05-31","Quantum Computing Inc. Common","QUBT","SC","1911053","1179452","731601","62.03","3397331","1",
"2023-05-15","Quantum Computing Inc. Common","QUBT","SC","1179452","1350018","-170566","-12.63","168857","6.98",
"2023-04-28","Quantum Computing Inc. Common","QUBT","SC","1350018","1560883","-210865","-13.51","133753","10.09",
"2023-04-14","Quantum Computing Inc. Common","QUBT","SC","1560883","1427651","133232","9.33","230926","6.76",
"2023-03-31","Quantum Computing Inc. Common","QUBT","SC","1427651","1497724","-70073","-4.68","211827","6.74",
"2023-03-15","Quantum Computing Inc. Common","QUBT","SC","1497724","1300640","197084","15.15","268604","5.58",
"2023-02-28","Quantum Computing Inc. Common","QUBT","SC","1300640","1741860","-441220","-25.33","359057","3.62",
"2023-02-15","Quantum Computing Inc. Common","QUBT","SC","1741860","482081","1259779","261.32","4079325","1",
"2023-01-31","Quantum Computing Inc. Common","QUBT","SC","482081","586177","-104096","-17.76","102811","4.69",
"2023-01-13","Quantum Computing Inc. Common","QUBT","SC","586177","629893","-43716","-6.94","83153","7.05",
"2022-12-30","Quantum Computing Inc. Common","QUBT","SC","629893","627325","2568","0.41","101046","6.23",
"2022-12-15","Quantum Computing Inc. Common","QUBT","SC","627325","718382","-91057","-12.68","139941","4.48",
"2022-11-30","Quantum Computing Inc. Common","QUBT","SC","718382","711596","6786","0.95","88281","8.14",
"2022-11-15","Quantum Computing Inc. Common","QUBT","SC","711596","781174","-69578","-8.91","127004","5.6",
"2022-10-31","Quantum Computing Inc. Common","QUBT","SC","781174","739903","41271","5.58","142029","5.5",
"2022-10-14","Quantum Computing Inc. Common","QUBT","SC","739903","558710","181193","32.43","149258","4.96",
"2022-09-30","Quantum Computing Inc. Common","QUBT","SC","558710","380372","178338","46.89","157652","3.54",
"2022-09-15","Quantum Computing Inc. Common","QUBT","SC","380372","451738","-71366","-15.8","152428","2.5",
"2022-08-31","Quantum Computing Inc. Common","QUBT","SC","451738","426180","25558","6","228779","1.97",
"2022-08-15","Quantum Computing Inc. Common","QUBT","SC","426180","488153","-61973","-12.7","300136","1.42",
"2022-07-29","Quantum Computing Inc. Common","QUBT","SC","488153","425858","62295","14.63","206703","2.36",
"2022-07-15","Quantum Computing Inc. Common","QUBT","SC","425858","394215","31643","8.03","159740","2.67",
"2022-06-30","Quantum Computing Inc. Common","QUBT","SC","394215","485427","-91212","-18.79","292678","1.35",
"2022-06-15","Quantum Computing Inc. Common","QUBT","SC","485427","555244","-69817","-12.57","540993","1",
"2022-05-31","Quantum Computing Inc. Common","QUBT","SC","555244","255686","299558","117.16","703884","1",
"2022-05-13","Quantum Computing Inc. Common","QUBT","SC","255686","251741","3945","1.57","157194","1.63",
"2022-04-29","Quantum Computing Inc. Common","QUBT","SC","251741","348546","-96805","-27.77","111147","2.26",
"2022-04-14","Quantum Computing Inc. Common","QUBT","SC","348546","389774","-41228","-10.58","82889","4.2",
"2022-03-31","Quantum Computing Inc. Common","QUBT","SC","389774","496583","-106809","-21.51","133344","2.92",
"2022-03-15","Quantum Computing Inc. Common","QUBT","SC","496583","530071","-33488","-6.32","116816","4.25",
"2022-02-28","Quantum Computing Inc. Common","QUBT","SC","530071","612401","-82330","-13.44","125085","4.24",
"2022-02-15","Quantum Computing Inc. Common","QUBT","SC","612401","637881","-25480","-3.99","134435","4.56",
"2022-01-31","Quantum Computing Inc. Common","QUBT","SC","637881","776455","-138574","-17.85","272032","2.34",
"2022-01-14","Quantum Computing Inc. Common","QUBT","SC","776455","671805","104650","15.58","298017","2.61",
"2021-12-31","Quantum Computing Inc. Common","QUBT","SC","671805","889403","-217598","-24.47","407339","1.65",
"2021-12-15","Quantum Computing Inc. Common","QUBT","SC","889403","983329","-93926","-9.55","609467","1.46",
"2021-11-30","Quantum Computing Inc. Common","QUBT","SC","983329","621630","361699","58.19","1245969","1",
"2021-11-15","Quantum Computing Inc. Common","QUBT","SC","621630","439250","182380","41.52","3285132","1",
"2021-10-29","Quantum Computing Inc. Common","QUBT","SC","439250","674265","-235015","-34.85","324370","1.35",
"2021-10-15","Quantum Computing Inc. Common","QUBT","SC","674265","742355","-68090","-9.17","151469","4.45",
"2021-09-30","Quantum Computing Inc. Common","QUBT","SC","742355","487311","255044","52.34","301604","2.46",
"2021-09-15","Quantum Computing Inc. Common","QUBT","SC","487311","421244","66067","15.68","225951","2.16",
"2021-08-31","Quantum Computing Inc. Common","QUBT","SC","421244","184722","236522","128.04","249751","1.69",
"2021-08-13","Quantum Computing Inc. Common","QUBT","SC","184722","155690","29032","18.65","244363","1",
"2021-07-30","Quantum Computing Inc. Common","QUBT","SC","155690","83775","71915","85.84","593252","1",
"2021-07-15","Quantum Computing Inc. Common","QUBT","SC","83775","84435","-660","-0.78","184221","1",
"2021-06-30","Quantum Computing Inc. Common","QUBT","OTC","84435","86172","-1737","-2.02","149022","1",
"2021-06-15","Quantum Computing Inc. Common","QUBT","OTC","86172","83694","2478","2.96","122488","1",
"2021-05-28","Quantum Computing Inc. Common","QUBT","OTC","83694","75144","8550","11.38","242254","1",
"2021-05-14","Quantum Computing Inc. Common","QUBT","OTC","75144","111212","-36068","-32.43","187068","1",
"2021-04-30","Quantum Computing Inc. Common","QUBT","OTC","111212","52417","58795","112.17","97896","1.14",
"2021-04-15","Quantum Computing Inc. Common","QUBT","OTC","52417","52789","-372","-0.7","106350","1",
"2021-03-31","Quantum Computing Inc. Common","QUBT","OTC","52789","54704","-1915","-3.5","169691","1",
"2021-03-15","Quantum Computing Inc. Common","QUBT","OTC","54704","52602","2102","4","153273","1",
"2021-02-26","Quantum Computing Inc. Common","QUBT","OTC","52602","51460","1142","2.22","176180","1",
"2021-02-12","Quantum Computing Inc. Common","QUBT","OTC","51460","9058","42402","468.12","232221","1",
"2021-01-29","Quantum Computing Inc. Common","QUBT","OTC","9058","1415","7643","540.14","279586","1",
"2021-01-15","Quantum Computing Inc. Common","QUBT","OTC","1415","390","1025","262.82","264163","1",
"2020-12-31","Quantum Computing Inc. Common","QUBT","OTC","390","24473","-24083","-98.41","669005","1",
"2020-12-15","Quantum Computing Inc. Common","QUBT","OTC","24473","26720","-2247","-8.41","124256","1",
"2020-11-30","Quantum Computing Inc. Common","QUBT","OTC","26720","2037","24683","1211.73","176656","1",
"2020-11-13","Quantum Computing Inc. Common","QUBT","OTC","2037","2359","-322","-13.65","53322","1",
"2020-10-30","Quantum Computing Inc. Common","QUBT","OTC","2359","3512","-1153","-32.83","53441","1",
"2020-10-15","Quantum Computing Inc. Common","QUBT","OTC","3512","63","3449","5474.6","50790","1",
"2020-09-30","Quantum Computing Inc. Common","QUBT","OTC","63","580","-517","-89.14","51908","1",
"2020-09-15","Quantum Computing Inc. Common","QUBT","OTC","580","4099","-3519","-85.85","68830","1",
"2020-08-31","Quantum Computing Inc. Common","QUBT","OTC","4099","2226","1873","84.14","92751","1",
"2020-08-14","Quantum Computing Inc. Common","QUBT","OTC","2226","826","1400","169.49","186347","1",
"2020-07-31","Quantum Computing Inc. Common","QUBT","OTC","826","1012","-186","-18.38","53717","1",
"2020-07-15","Quantum Computing Inc. Common","QUBT","OTC","1012","2241","-1229","-54.84","111657","1",
"2020-06-30","Quantum Computing Inc. Common","QUBT","OTC","2241","1598","643","40.24","57832","1",
"2020-06-15","Quantum Computing Inc. Common","QUBT","OTC","1598","4391","-2793","-63.61","194916","1",
"2020-05-29","Quantum Computing Inc. Common","QUBT","OTC","4391","0","4391","100","59572","1",
"2020-04-30","Quantum Computing Inc. Common","QUBT","OTC","13400","138","13262","9610.14","37882","1",
"2020-04-15","Quantum Computing Inc. Common","QUBT","OTC","138","28","110","392.86","10706","1",
"2020-03-31","Quantum Computing Inc. Common","QUBT","OTC","28","2342","-2314","-98.8","26023","1",
"2020-03-13","Quantum Computing Inc. Common","QUBT","OTC","2342","2835","-493","-17.39","25793","1",
"2020-02-28","Quantum Computing Inc. Common","QUBT","OTC","2835","0","2835","100","52262","1",
"2019-12-31","Quantum Computing Inc. Common","QUBT","OTC","50","82","-32","-39.02","201","1",
"2019-12-13","Quantum Computing Inc. Common","QUBT","OTC","82","0","82","100","355","1",
"2019-10-15","Quantum Computing Inc. Common","QUBT","OTC","2365","62","2303","3714.52","2475","1",
"2019-09-30","Quantum Computing Inc. Common","QUBT","OTC","62","14","48","342.86","2323","1",
"2019-09-13","Quantum Computing Inc. Common","QUBT","OTC","14","94","-80","-85.11","7277","1",
"2019-08-30","Quantum Computing Inc. Common","QUBT","OTC","94","100","-6","-6","3042","1",
"2019-08-15","Quantum Computing Inc. Common","QUBT","OTC","100","69","31","44.93","3870","1",
"2019-07-31","Quantum Computing Inc. Common","QUBT","OTC","69","0","69","100","1859","1",
"2019-06-28","Quantum Computing Inc. Common","QUBT","OTC","48","0","48","100","1324","1",
"2019-03-29","Quantum Computing Inc. Common","QUBT","OTC","25","0","25","100","445","1",
"2019-02-28","Quantum Computing Inc. Common","QUBT","OTC","10","10","0","0","12","1",
"2019-02-15","Quantum Computing Inc. Common","QUBT","OTC","10","0","10","100","97","1",
"2018-12-31","Quantum Computing Inc. Common","QUBT","OTC","14","0","14","100","786","1",
"2018-10-31","Quantum Computing Inc. Common","QUBT","OTC","8","0","8","100","628","1",
"2018-09-28","Quantum Computing Inc. Common","QUBT","OTC","8","20","-12","-60","3273","1",
"2018-09-14","Quantum Computing Inc. Common","QUBT","OTC","20","10","10","100","753","1",
"2018-08-31","Quantum Computing Inc. Common","QUBT","OTC","10","108","-98","-90.74","1102","1",
"2018-08-15","Quantum Computing Inc. Common","QUBT","OTC","108","98","10","10.2","394","1",
