"Settlement Date","Issue Name","Symbol","Market","Current Short","Previous Short","Chg","% Change from Previous","Avg Daily Vol","Days to Cover","Revision Flag"
"2025-09-15","Cambria Tail Risk ETF","TAIL","BZX","219462","12785","206677","1616.56","205303","1.07",
"2025-08-29","Cambria Tail Risk ETF","TAIL","BZX","12785","29501","-16716","-56.66","174894","1",
"2025-08-15","Cambria Tail Risk ETF","TAIL","BZX","29501","39559","-10058","-25.43","111637","1",
"2025-07-31","Cambria Tail Risk ETF","TAIL","BZX","39559","36617","2942","8.03","187453","1",
"2025-07-15","Cambria Tail Risk ETF","TAIL","BZX","36617","33766","2851","8.44","142033","1",
"2025-06-30","Cambria Tail Risk ETF","TAIL","BZX","33766","11645","22121","189.96","214388","1",
"2025-06-13","Cambria Tail Risk ETF","TAIL","BZX","11645","16551","-4906","-29.64","144534","1",
"2025-05-30","Cambria Tail Risk ETF","TAIL","BZX","16551","23900","-7349","-30.75","376028","1",
"2025-05-15","Cambria Tail Risk ETF","TAIL","BZX","23900","89124","-65224","-73.18","619648","1",
"2025-04-30","Cambria Tail Risk ETF","TAIL","BZX","89124","10813","78311","724.23","920692","1",
"2025-04-15","Cambria Tail Risk ETF","TAIL","BZX","10813","32449","-21636","-66.68","706143","1",
"2025-03-31","Cambria Tail Risk ETF","TAIL","BZX","32449","47463","-15014","-31.63","92779","1",
"2025-03-14","Cambria Tail Risk ETF","TAIL","BZX","47463","9879","37584","380.44","240813","1",
"2025-02-28","Cambria Tail Risk ETF","TAIL","BZX","9879","3033","6846","225.72","63609","1",
"2025-02-14","Cambria Tail Risk ETF","TAIL","BZX","3033","4123","-1090","-26.44","21166","1",
"2025-01-31","Cambria Tail Risk ETF","TAIL","BZX","4123","33082","-28959","-87.54","33129","1",
"2025-01-15","Cambria Tail Risk ETF","TAIL","BZX","33082","32390","692","2.14","51466","1",
"2024-12-31","Cambria Tail Risk ETF","TAIL","BZX","32390","31027","1363","4.39","81097","1",
"2024-12-13","Cambria Tail Risk ETF","TAIL","BZX","31027","75854","-44827","-59.1","45995","1",
"2024-11-29","Cambria Tail Risk ETF","TAIL","BZX","75854","45175","30679","67.91","36019","2.11",
"2024-11-15","Cambria Tail Risk ETF","TAIL","BZX","45175","25140","20035","79.69","192061","1",
"2024-10-31","Cambria Tail Risk ETF","TAIL","BZX","25140","4801","20339","423.64","188168","1",
"2024-10-15","Cambria Tail Risk ETF","TAIL","BZX","4801","3303","1498","45.35","56840","1",
"2024-09-30","Cambria Tail Risk ETF","TAIL","BZX","3303","32588","-29285","-89.86","61924","1",
"2024-09-13","Cambria Tail Risk ETF","TAIL","BZX","32588","63030","-30442","-48.3","101413","1",
"2024-08-30","Cambria Tail Risk ETF","TAIL","BZX","63030","15146","47884","316.15","27355","2.3",
"2024-08-15","Cambria Tail Risk ETF","TAIL","BZX","15146","1484","13662","920.62","169694","1",
"2024-07-31","Cambria Tail Risk ETF","TAIL","BZX","1484","14058","-12574","-89.44","23058","1",
"2024-07-15","Cambria Tail Risk ETF","TAIL","BZX","14058","21166","-7108","-33.58","24822","1",
"2024-06-28","Cambria Tail Risk ETF","TAIL","BZX","21166","1149","20017","1742.12","54266","1",
"2024-06-14","Cambria Tail Risk ETF","TAIL","BZX","1149","888","261","29.39","11876","1",
"2024-05-31","Cambria Tail Risk ETF","TAIL","BZX","888","2103","-1215","-57.77","23084","1",
"2024-05-15","Cambria Tail Risk ETF","TAIL","BZX","2103","15089","-12986","-86.06","20399","1",
"2024-04-30","Cambria Tail Risk ETF","TAIL","BZX","15089","20702","-5613","-27.11","47689","1",
"2024-04-15","Cambria Tail Risk ETF","TAIL","BZX","20702","660","20042","3036.67","41951","1",
"2024-03-28","Cambria Tail Risk ETF","TAIL","BZX","660","611","49","8.02","26412","1",
"2024-03-15","Cambria Tail Risk ETF","TAIL","BZX","611","4214","-3603","-85.5","33794","1",
"2024-02-29","Cambria Tail Risk ETF","TAIL","BZX","4214","4637","-423","-9.12","19546","1",
"2024-02-15","Cambria Tail Risk ETF","TAIL","BZX","4637","9860","-5223","-52.97","75065","1",
"2024-01-31","Cambria Tail Risk ETF","TAIL","BZX","9860","4701","5159","109.74","26161","1",
"2024-01-12","Cambria Tail Risk ETF","TAIL","BZX","4701","9676","-4975","-51.42","57178","1",
"2023-12-29","Cambria Tail Risk ETF","TAIL","BZX","9676","6199","3477","56.09","162628","1",
"2023-12-15","Cambria Tail Risk ETF","TAIL","BZX","6199","6190","9","0.15","45481","1",
"2023-11-30","Cambria Tail Risk ETF","TAIL","BZX","6190","5926","264","4.45","59016","1",
"2023-11-15","Cambria Tail Risk ETF","TAIL","BZX","5926","3995","1931","48.34","36191","1",
"2023-10-31","Cambria Tail Risk ETF","TAIL","BZX","3995","2464","1531","62.13","279977","1",
"2023-10-13","Cambria Tail Risk ETF","TAIL","BZX","2464","20729","-18265","-88.11","46798","1",
"2023-09-29","Cambria Tail Risk ETF","TAIL","BZX","20729","2934","17795","606.51","85767","1",
"2023-09-15","Cambria Tail Risk ETF","TAIL","BZX","2934","1034","1900","183.75","105740","1",
"2023-08-31","Cambria Tail Risk ETF","TAIL","BZX","1034","2384","-1350","-56.63","65134","1",
"2023-08-15","Cambria Tail Risk ETF","TAIL","BZX","2384","3923","-1539","-39.23","98910","1",
"2023-07-31","Cambria Tail Risk ETF","TAIL","BZX","3923","9600","-5677","-59.14","60517","1",
"2023-07-14","Cambria Tail Risk ETF","TAIL","BZX","9600","5426","4174","76.93","102720","1",
"2023-06-30","Cambria Tail Risk ETF","TAIL","BZX","5426","8265","-2839","-34.35","93278","1",
"2023-06-15","Cambria Tail Risk ETF","TAIL","BZX","8265","3975","4290","107.92","129996","1",
"2023-05-31","Cambria Tail Risk ETF","TAIL","BZX","3975","6395","-2420","-37.84","166842","1",
"2023-05-15","Cambria Tail Risk ETF","TAIL","BZX","6395","55696","-49301","-88.52","46482","1",
"2023-04-28","Cambria Tail Risk ETF","TAIL","BZX","55696","24645","31051","125.99","200834","1",
"2023-04-14","Cambria Tail Risk ETF","TAIL","BZX","24645","10736","13909","129.55","154070","1",
"2023-03-31","Cambria Tail Risk ETF","TAIL","BZX","10736","21043","-10307","-48.98","169677","1",
"2023-03-15","Cambria Tail Risk ETF","TAIL","BZX","21043","28184","-7141","-25.34","384266","1",
"2023-02-28","Cambria Tail Risk ETF","TAIL","BZX","28184","2807","25377","904.06","149729","1",
"2023-02-15","Cambria Tail Risk ETF","TAIL","BZX","2807","30105","-27298","-90.68","223819","1",
"2023-01-31","Cambria Tail Risk ETF","TAIL","BZX","30105","2095","28010","1336.99","267917","1",
"2023-01-13","Cambria Tail Risk ETF","TAIL","BZX","2095","564","1531","271.45","236460","1",
"2022-12-30","Cambria Tail Risk ETF","TAIL","BZX","564","2937","-2373","-80.8","158774","1",
"2022-12-15","Cambria Tail Risk ETF","TAIL","BZX","2937","3920","-983","-25.08","636014","1",
"2022-11-30","Cambria Tail Risk ETF","TAIL","BZX","3920","8269","-4349","-52.59","129058","1",
"2022-11-15","Cambria Tail Risk ETF","TAIL","BZX","8269","8440","-171","-2.03","241594","1",
"2022-10-31","Cambria Tail Risk ETF","TAIL","BZX","8440","37906","-29466","-77.73","314218","1",
"2022-10-14","Cambria Tail Risk ETF","TAIL","BZX","37906","22706","15200","66.94","394766","1",
"2022-09-30","Cambria Tail Risk ETF","TAIL","BZX","22706","7918","14788","186.76","641052","1",
"2022-09-15","Cambria Tail Risk ETF","TAIL","BZX","7918","18735","-10817","-57.74","522573","1",
"2022-08-31","Cambria Tail Risk ETF","TAIL","BZX","18735","51711","-32976","-63.77","365085","1",
"2022-08-15","Cambria Tail Risk ETF","TAIL","BZX","51711","65768","-14057","-21.37","342456","1",
"2022-07-29","Cambria Tail Risk ETF","TAIL","BZX","65768","84720","-18952","-22.37","331707","1",
"2022-07-15","Cambria Tail Risk ETF","TAIL","BZX","84720","149024","-64304","-43.15","352904","1",
"2022-06-30","Cambria Tail Risk ETF","TAIL","BZX","149024","8470","140554","1659.43","678180","1",
"2022-06-15","Cambria Tail Risk ETF","TAIL","BZX","8470","340489","-332019","-97.51","489386","1",
"2022-05-31","Cambria Tail Risk ETF","TAIL","BZX","340489","23406","317083","1354.71","761431","1",
"2022-05-13","Cambria Tail Risk ETF","TAIL","BZX","23406","61260","-37854","-61.79","431676","1",
"2022-04-29","Cambria Tail Risk ETF","TAIL","BZX","61260","40461","20799","51.41","747199","1",
"2022-04-14","Cambria Tail Risk ETF","TAIL","BZX","40461","25224","15237","60.41","287770","1",
"2022-03-31","Cambria Tail Risk ETF","TAIL","BZX","25224","86062","-60838","-70.69","412105","1",
"2022-03-15","Cambria Tail Risk ETF","TAIL","BZX","86062","1809","84253","4657.44","356441","1",
"2022-02-28","Cambria Tail Risk ETF","TAIL","BZX","1809","93947","-92138","-98.07","520242","1",
"2022-02-15","Cambria Tail Risk ETF","TAIL","BZX","93947","25609","68338","266.85","633942","1",
"2022-01-31","Cambria Tail Risk ETF","TAIL","BZX","25609","54862","-29253","-53.32","967520","1",
"2022-01-14","Cambria Tail Risk ETF","TAIL","BZX","54862","2803","52059","1857.26","200723","1",
"2021-12-31","Cambria Tail Risk ETF","TAIL","BZX","2803","72603","-69800","-96.14","228301","1",
"2021-12-15","Cambria Tail Risk ETF","TAIL","BZX","72603","94675","-22072","-23.31","238829","1",
"2021-11-30","Cambria Tail Risk ETF","TAIL","BZX","94675","62243","32432","52.11","220944","1",
"2021-11-15","Cambria Tail Risk ETF","TAIL","BZX","62243","33871","28372","83.76","292086","1",
"2021-10-29","Cambria Tail Risk ETF","TAIL","BZX","33871","34393","-522","-1.52","295724","1",
"2021-10-15","Cambria Tail Risk ETF","TAIL","BZX","34393","80503","-46110","-57.28","298375","1",
"2021-09-30","Cambria Tail Risk ETF","TAIL","BZX","80503","47543","32960","69.33","305270","1",
"2021-09-15","Cambria Tail Risk ETF","TAIL","BZX","47543","10814","36729","339.64","221944","1",
"2021-08-31","Cambria Tail Risk ETF","TAIL","BZX","10814","13658","-2844","-20.82","191045","1",
"2021-08-13","Cambria Tail Risk ETF","TAIL","BZX","13658","20687","-7029","-33.98","172217","1",
"2021-07-30","Cambria Tail Risk ETF","TAIL","BZX","20687","17920","2767","15.44","237586","1",
"2021-07-15","Cambria Tail Risk ETF","TAIL","BZX","17920","29899","-11979","-40.06","152841","1",
"2021-06-30","Cambria Tail Risk ETF","TAIL","BZX","29899","36022","-6123","-17","134637","1",
"2021-06-15","Cambria Tail Risk ETF","TAIL","BZX","36022","56788","-20766","-36.57","139408","1","R"
"2021-05-28","Cambria Tail Risk ETF","TAIL","BZX","56685","115781","-59096","-51.04","141662","1",
"2021-05-14","Cambria Tail Risk ETF","TAIL","BZX","115781","114093","1688","1.48","397657","1",
"2021-04-30","Cambria Tail Risk ETF","TAIL","BZX","114093","184829","-70736","-38.27","142447","1",
"2021-04-15","Cambria Tail Risk ETF","TAIL","BZX","184829","22181","162648","733.28","307443","1",
"2021-03-31","Cambria Tail Risk ETF","TAIL","BZX","22181","13920","8261","59.35","326701","1",
"2021-03-15","Cambria Tail Risk ETF","TAIL","BZX","13920","123150","-109230","-88.7","361573","1",
"2021-02-26","Cambria Tail Risk ETF","TAIL","BZX","123150","310149","-186999","-60.29","260710","1",
"2021-02-12","Cambria Tail Risk ETF","TAIL","BZX","310149","107213","202936","189.28","275253","1.13",
"2021-01-29","Cambria Tail Risk ETF","TAIL","BZX","107213","47811","59402","124.24","441707","1",
"2021-01-15","Cambria Tail Risk ETF","TAIL","BZX","47811","153285","-105474","-68.81","481778","1",
"2020-12-31","Cambria Tail Risk ETF","TAIL","BZX","153285","60995","92290","151.31","258874","1",
"2020-12-15","Cambria Tail Risk ETF","TAIL","BZX","60995","52619","8376","15.92","381140","1",
"2020-11-30","Cambria Tail Risk ETF","TAIL","BZX","52619","53270","-651","-1.22","478346","1",
"2020-11-13","Cambria Tail Risk ETF","TAIL","BZX","53270","63187","-9917","-15.69","770687","1",
"2020-10-30","Cambria Tail Risk ETF","TAIL","BZX","63187","42465","20722","48.8","411187","1",
"2020-10-15","Cambria Tail Risk ETF","TAIL","BZX","42465","92095","-49630","-53.89","387337","1",
"2020-09-30","Cambria Tail Risk ETF","TAIL","BZX","92095","83390","8705","10.44","314243","1",
"2020-09-15","Cambria Tail Risk ETF","TAIL","BZX","83390","39357","44033","111.88","582400","1",
"2020-08-31","Cambria Tail Risk ETF","TAIL","BZX","39357","21763","17594","80.84","201375","1",
"2020-08-14","Cambria Tail Risk ETF","TAIL","BZX","21763","59183","-37420","-63.23","239429","1",
"2020-07-31","Cambria Tail Risk ETF","TAIL","BZX","59183","69349","-10166","-14.66","287566","1",
"2020-07-15","Cambria Tail Risk ETF","TAIL","BZX","69349","77066","-7717","-10.01","216784","1",
"2020-06-30","Cambria Tail Risk ETF","TAIL","BZX","77066","306211","-229145","-74.83","278321","1",
"2020-06-15","Cambria Tail Risk ETF","TAIL","BZX","306211","42168","264043","626.17","379287","1",
"2020-05-29","Cambria Tail Risk ETF","TAIL","BZX","42168","72890","-30722","-42.15","194920","1",
"2020-05-15","Cambria Tail Risk ETF","TAIL","BZX","72890","36063","36827","102.12","259390","1",
"2020-04-30","Cambria Tail Risk ETF","TAIL","BZX","36063","90817","-54754","-60.29","233561","1",
"2020-04-15","Cambria Tail Risk ETF","TAIL","BZX","90817","84305","6512","7.72","228114","1",
"2020-03-31","Cambria Tail Risk ETF","TAIL","BZX","84305","274060","-189755","-69.24","446740","1",
"2020-03-13","Cambria Tail Risk ETF","TAIL","BZX","274060","29555","244505","827.29","324376","1",
"2020-02-28","Cambria Tail Risk ETF","TAIL","BZX","29555","51501","-21946","-42.61","190592","1",
"2020-02-14","Cambria Tail Risk ETF","TAIL","BZX","51501","23051","28450","123.42","25664","2.01",
"2020-01-31","Cambria Tail Risk ETF","TAIL","BZX","23051","7509","15542","206.98","57395","1",
"2020-01-15","Cambria Tail Risk ETF","TAIL","BZX","7509","7649","-140","-1.83","17275","1",
"2019-12-31","Cambria Tail Risk ETF","TAIL","BZX","7649","27623","-19974","-72.31","22051","1",
"2019-12-13","Cambria Tail Risk ETF","TAIL","BZX","27623","33172","-5549","-16.73","37940","1",
"2019-11-29","Cambria Tail Risk ETF","TAIL","BZX","33172","51886","-18714","-36.07","17654","1.88",
"2019-11-15","Cambria Tail Risk ETF","TAIL","BZX","51886","28102","23784","84.63","27468","1.89",
"2019-10-31","Cambria Tail Risk ETF","TAIL","BZX","28102","8737","19365","221.64","27579","1.02",
"2019-10-15","Cambria Tail Risk ETF","TAIL","BZX","8737","6154","2583","41.97","35399","1",
"2019-09-30","Cambria Tail Risk ETF","TAIL","BZX","6154","16762","-10608","-63.29","21606","1",
"2019-09-13","Cambria Tail Risk ETF","TAIL","BZX","16762","30858","-14096","-45.68","19273","1",
"2019-08-30","Cambria Tail Risk ETF","TAIL","BZX","30858","3455","27403","793.14","32633","1",
"2019-08-15","Cambria Tail Risk ETF","TAIL","BZX","3455","4479","-1024","-22.86","36523","1",
"2019-07-31","Cambria Tail Risk ETF","TAIL","BZX","4479","1918","2561","133.52","8764","1",
"2019-07-15","Cambria Tail Risk ETF","TAIL","BZX","1918","3928","-2010","-51.17","16113","1",
"2019-06-28","Cambria Tail Risk ETF","TAIL","BZX","3928","6184","-2256","-36.48","13172","1",
"2019-06-14","Cambria Tail Risk ETF","TAIL","BZX","6184","36102","-29918","-82.87","21612","1",
"2019-05-31","Cambria Tail Risk ETF","TAIL","BZX","36102","32243","3859","11.97","94240","1",
"2019-05-15","Cambria Tail Risk ETF","TAIL","BZX","32243","23684","8559","36.14","22074","1.46",
"2019-04-30","Cambria Tail Risk ETF","TAIL","BZX","23684","10986","12698","115.58","10159","2.33",
"2019-04-15","Cambria Tail Risk ETF","TAIL","BZX","10986","7992","2994","37.46","68161","1",
"2019-03-29","Cambria Tail Risk ETF","TAIL","BZX","7992","1920","6072","316.25","21320","1",
"2019-03-15","Cambria Tail Risk ETF","TAIL","BZX","1920","3104","-1184","-38.14","19643","1",
"2019-02-28","Cambria Tail Risk ETF","TAIL","BZX","3104","6371","-3267","-51.28","11474","1",
"2019-02-15","Cambria Tail Risk ETF","TAIL","BZX","6371","48","6323","13172.92","14720","1",
"2019-01-31","Cambria Tail Risk ETF","TAIL","BZX","48","807","-759","-94.05","19391","1",
"2019-01-15","Cambria Tail Risk ETF","TAIL","BZX","807","30766","-29959","-97.38","37111","1",
"2018-12-31","Cambria Tail Risk ETF","TAIL","BZX","30766","33009","-2243","-6.8","74312","1",
"2018-12-14","Cambria Tail Risk ETF","TAIL","BZX","33009","12382","20627","166.59","14125","2.34",
"2018-11-30","Cambria Tail Risk ETF","TAIL","BZX","12382","5876","6506","110.72","6664","1.86",
"2018-11-15","Cambria Tail Risk ETF","TAIL","BZX","5876","14661","-8785","-59.92","23105","1",
"2018-10-31","Cambria Tail Risk ETF","TAIL","BZX","14661","12765","1896","14.85","36483","1",
"2018-10-15","Cambria Tail Risk ETF","TAIL","BZX","12765","14262","-1497","-10.5","14829","1",
"2018-09-28","Cambria Tail Risk ETF","TAIL","BZX","14262","24074","-9812","-40.76","9461","1.51",
"2018-09-14","Cambria Tail Risk ETF","TAIL","BZX","24074","6529","17545","268.72","11483","2.1",
"2018-08-31","Cambria Tail Risk ETF","TAIL","BZX","6529","1564","4965","317.46","20243","1",
"2018-08-15","Cambria Tail Risk ETF","TAIL","BZX","1564","312","1252","401.28","6686","1",
"2018-07-31","Cambria Tail Risk ETF","TAIL","BZX","312","5752","-5440","-94.58","15440","1",
"2018-07-13","Cambria Tail Risk ETF","TAIL","BZX","5752","563","5189","921.67","5935","1",
"2018-06-29","Cambria Tail Risk ETF","TAIL","BZX","563","2792","-2229","-79.84","7475","1",
"2018-06-15","Cambria Tail Risk ETF","TAIL","BZX","2792","875","1917","219.09","24298","1",
"2018-05-31","Cambria Tail Risk ETF","TAIL","BZX","875","4979","-4104","-82.43","5494","1",
"2018-05-15","Cambria Tail Risk ETF","TAIL","BZX","4979","17411","-12432","-71.4","8938","1",
"2018-04-30","Cambria Tail Risk ETF","TAIL","BZX","17411","15551","1860","11.96","5043","3.45",
"2018-04-13","Cambria Tail Risk ETF","TAIL","BZX","15551","29927","-14376","-48.04","34224","1",
"2018-03-29","Cambria Tail Risk ETF","TAIL","BZX","29927","5529","24398","441.27","20513","1.46",
"2018-03-15","Cambria Tail Risk ETF","TAIL","BZX","5529","22272","-16743","-75.18","26564","1",
"2018-02-28","Cambria Tail Risk ETF","TAIL","BZX","22272","288","21984","7633.33","14532","1.53",
"2018-02-15","Cambria Tail Risk ETF","TAIL","BZX","288","9377","-9089","-96.93","46368","1",
"2018-01-31","Cambria Tail Risk ETF","TAIL","BZX","9377","9091","286","3.15","11643","1",
"2018-01-12","Cambria Tail Risk ETF","TAIL","BZX","9091","1152","7939","689.15","9099","1",
"2017-12-29","Cambria Tail Risk ETF","TAIL","BZX","1152","2549","-1397","-54.81","16111","1",
