"Settlement Date","Issue Name","Symbol","Market","Current Short","Previous Short","Chg","% Change from Previous","Avg Daily Vol","Days to Cover","Revision Flag"
"2025-08-29","Tesla, Inc. Common Stock","TSLA","NNM","78272760","76710309","1562451","2.04","73523676","1.06",
"2025-08-15","Tesla, Inc. Common Stock","TSLA","NNM","76710309","71986527","4723782","6.56","78466917","1",
"2025-07-31","Tesla, Inc. Common Stock","TSLA","NNM","71986527","69962139","2024388","2.89","98402157","1",
"2025-07-15","Tesla, Inc. Common Stock","TSLA","NNM","69962139","80074233","-10112094","-12.63","96775833","1",
"2025-06-30","Tesla, Inc. Common Stock","TSLA","NNM","80074233","77096746","2977487","3.86","104302063","1",
"2025-06-13","Tesla, Inc. Common Stock","TSLA","NNM","77096746","76998079","98667","0.13","138002054","1",
"2025-05-30","Tesla, Inc. Common Stock","TSLA","NNM","76998079","85015009","-8016930","-9.43","102126773","1",
"2025-05-15","Tesla, Inc. Common Stock","TSLA","NNM","85015009","81317940","3697069","4.55","106155805","1",
"2025-04-30","Tesla, Inc. Common Stock","TSLA","NNM","81317940","81302709","15231","0.02","121293722","1",
"2025-04-15","Tesla, Inc. Common Stock","TSLA","NNM","81302709","76463964","4838745","6.33","157598049","1",
"2025-03-31","Tesla, Inc. Common Stock","TSLA","NNM","76463964","81331870","-4867906","-5.99","132428494","1",
"2025-03-14","Tesla, Inc. Common Stock","TSLA","NNM","81331870","67129145","14202725","21.16","125160315","1",
"2025-02-28","Tesla, Inc. Common Stock","TSLA","NNM","67129145","61498198","5630947","9.16","84714426","1",
"2025-02-14","Tesla, Inc. Common Stock","TSLA","NNM","61498198","59612004","1886194","3.16","81171592","1",
"2025-01-31","Tesla, Inc. Common Stock","TSLA","NNM","59612004","63254084","-3642080","-5.76","70139920","1",
"2025-01-15","Tesla, Inc. Common Stock","TSLA","NNM","63254084","67379077","-4124993","-6.12","81212823","1",
"2024-12-31","Tesla, Inc. Common Stock","TSLA","NNM","67379077","80765425","-13386348","-16.57","97574248","1",
"2024-12-13","Tesla, Inc. Common Stock","TSLA","NNM","80765425","77192871","3572554","4.63","82132352","1",
"2024-11-29","Tesla, Inc. Common Stock","TSLA","NNM","77192871","76444266","748605","0.98","75481098","1.02",
"2024-11-15","Tesla, Inc. Common Stock","TSLA","NNM","76444266","77944508","-1500242","-1.92","127500997","1",
"2024-10-31","Tesla, Inc. Common Stock","TSLA","NNM","77944508","79364249","-1419741","-1.79","82618395","1",
"2024-10-15","Tesla, Inc. Common Stock","TSLA","NNM","79364249","74332630","5031619","6.77","82726604","1",
"2024-09-30","Tesla, Inc. Common Stock","TSLA","NNM","74332630","77219507","-2886877","-3.74","77953284","1",
"2024-09-13","Tesla, Inc. Common Stock","TSLA","NNM","77219507","78698016","-1478509","-1.88","82966896","1",
"2024-08-30","Tesla, Inc. Common Stock","TSLA","NNM","78698016","81972363","-3274347","-3.99","70877174","1.11",
"2024-08-15","Tesla, Inc. Common Stock","TSLA","NNM","81972363","86969962","-4997599","-5.75","75560689","1.08",
"2024-07-31","Tesla, Inc. Common Stock","TSLA","NNM","86969962","104460574","-17490612","-16.74","108900383","1",
"2024-07-15","Tesla, Inc. Common Stock","TSLA","NNM","104460574","105201302","-740728","-0.7","162196035","1",
"2024-06-28","Tesla, Inc. Common Stock","TSLA","NNM","105201302","105382772","-181470","-0.17","76021373","1.38",
"2024-06-14","Tesla, Inc. Common Stock","TSLA","NNM","105382772","101325315","4057457","4","71592597","1.47",
"2024-05-31","Tesla, Inc. Common Stock","TSLA","NNM","101325315","104790820","-3465505","-3.31","72407060","1.4",
"2024-05-15","Tesla, Inc. Common Stock","TSLA","NNM","104790820","107440586","-2649766","-2.47","78621564","1.33",
"2024-04-30","Tesla, Inc. Common Stock","TSLA","NNM","107440586","106659131","781455","0.73","124941427","1","R"
"2024-04-15","Tesla, Inc. Common Stock","TSLA","NNM","106654831","107481521","-826690","-0.77","99414803","1.07",
"2024-03-28","Tesla, Inc. Common Stock","TSLA","NNM","107481521","102298924","5182597","5.07","84630557","1.27",
"2024-03-15","Tesla, Inc. Common Stock","TSLA","NNM","102298924","95932821","6366103","6.64","102737330","1",
"2024-02-29","Tesla, Inc. Common Stock","TSLA","NNM","95932821","88650515","7282306","8.21","99404615","1","R"
"2024-02-15","Tesla, Inc. Common Stock","TSLA","NNM","88650365","90710966","-2060601","-2.27","101539880","1",
"2024-01-31","Tesla, Inc. Common Stock","TSLA","NNM","90710966","80466304","10244662","12.73","117793907","1",
"2024-01-12","Tesla, Inc. Common Stock","TSLA","NNM","80466304","86666279","-6199975","-7.15","102259321","1",
"2023-12-29","Tesla, Inc. Common Stock","TSLA","NNM","86666279","82965286","3700993","4.46","106192040","1",
"2023-12-15","Tesla, Inc. Common Stock","TSLA","NNM","82965286","90328200","-7362914","-8.15","120860875","1",
"2023-11-30","Tesla, Inc. Common Stock","TSLA","NNM","90328200","92715309","-2387109","-2.57","122458065","1",
"2023-11-15","Tesla, Inc. Common Stock","TSLA","NNM","92715309","84273502","8441807","10.02","128636235","1",
"2023-10-31","Tesla, Inc. Common Stock","TSLA","NNM","84273502","84687963","-414461","-0.49","121374018","1",
"2023-10-13","Tesla, Inc. Common Stock","TSLA","NNM","84687963","82428956","2259007","2.74","113407985","1",
"2023-09-29","Tesla, Inc. Common Stock","TSLA","NNM","82428956","84724119","-2295163","-2.71","116386017","1",
"2023-09-15","Tesla, Inc. Common Stock","TSLA","NNM","84724119","82093847","2630272","3.2","127568379","1",
"2023-08-31","Tesla, Inc. Common Stock","TSLA","NNM","82093847","81747332","346515","0.42","117966711","1","R"
"2023-08-15","Tesla, Inc. Common Stock","TSLA","NNM","81763698","78209234","3554464","4.54","98846097","1",
"2023-07-31","Tesla, Inc. Common Stock","TSLA","NNM","78209234","92996256","-14787022","-15.9","124390883","1",
"2023-07-14","Tesla, Inc. Common Stock","TSLA","NNM","92996256","95631311","-2635055","-2.76","113902548","1",
"2023-06-30","Tesla, Inc. Common Stock","TSLA","NNM","95631311","96484129","-852818","-0.88","163731698","1",
"2023-06-15","Tesla, Inc. Common Stock","TSLA","NNM","96484129","91194312","5289817","5.8","163964356","1",
"2023-05-31","Tesla, Inc. Common Stock","TSLA","NNM","91194312","95218774","-4024462","-4.23","130384317","1","R"
"2023-05-15","Tesla, Inc. Common Stock","TSLA","NNM","95153797","95005307","148490","0.16","113397791","1",
"2023-04-28","Tesla, Inc. Common Stock","TSLA","NNM","95005307","88567444","6437863","7.27","133310830","1",
"2023-04-14","Tesla, Inc. Common Stock","TSLA","NNM","88567444","85568280","2999164","3.5","130078522","1",
"2023-03-31","Tesla, Inc. Common Stock","TSLA","NNM","85568280","87004969","-1436689","-1.65","131040705","1",
"2023-03-15","Tesla, Inc. Common Stock","TSLA","NNM","87004969","81397678","5607291","6.89","158091021","1",
"2023-02-28","Tesla, Inc. Common Stock","TSLA","NNM","81397678","82116960","-719282","-0.88","177187702","1",
"2023-02-15","Tesla, Inc. Common Stock","TSLA","NNM","82116960","90314882","-8197922","-9.08","200587880","1",
"2023-01-31","Tesla, Inc. Common Stock","TSLA","NNM","90314882","90585375","-270493","-0.3","201225234","1",
"2023-01-13","Tesla, Inc. Common Stock","TSLA","NNM","90585375","80186849","10398526","12.97","186830469","1",
"2022-12-30","Tesla, Inc. Common Stock","TSLA","NNM","80186849","73037086","7149763","9.79","176801440","1",
"2022-12-15","Tesla, Inc. Common Stock","TSLA","NNM","73037086","77644542","-4607456","-5.93","106699061","1",
"2022-11-30","Tesla, Inc. Common Stock","TSLA","NNM","77644542","78270643","-626101","-0.8","82302107","1",
"2022-11-15","Tesla, Inc. Common Stock","TSLA","NNM","78270643","76828235","1442408","1.88","96309390","1",
"2022-10-31","Tesla, Inc. Common Stock","TSLA","NNM","76828235","69086836","7741399","11.21","80729530","1",
"2022-10-14","Tesla, Inc. Common Stock","TSLA","NNM","69086836","62622333","6464503","10.32","84455676","1",
"2022-09-30","Tesla, Inc. Common Stock","TSLA","NNM","62622333","63690357","-1068024","-1.68","65845029","1",
"2022-09-15","Tesla, Inc. Common Stock","TSLA","NNM","63690357","60772765","2917592","4.8","57225472","1.11",
"2022-08-31","Tesla, Inc. Common Stock","TSLA","NNM","60772765","20109630","40663135","202.21","57928027","1.05",
"2022-08-15","Tesla, Inc. Common Stock","TSLA","NNM","20109630","25022667","-4913037","-19.63","30094309","1",
"2022-07-29","Tesla, Inc. Common Stock","TSLA","NNM","25022667","23491892","1530775","6.52","29776705","1",
"2022-07-15","Tesla, Inc. Common Stock","TSLA","NNM","23491892","27101597","-3609705","-13.32","28230174","1",
"2022-06-30","Tesla, Inc. Common Stock","TSLA","NNM","27101597","26882235","219362","0.82","32617912","1",
"2022-06-15","Tesla, Inc. Common Stock","TSLA","NNM","26882235","27541699","-659464","-2.39","31116752","1",
"2022-05-31","Tesla, Inc. Common Stock","TSLA","NNM","27541699","25651653","1890046","7.37","31917283","1",
"2022-05-13","Tesla, Inc. Common Stock","TSLA","NNM","25651653","23732107","1919546","8.09","29599404","1",
"2022-04-29","Tesla, Inc. Common Stock","TSLA","NNM","23732107","24552598","-820491","-3.34","27907210","1",
"2022-04-14","Tesla, Inc. Common Stock","TSLA","NNM","24552598","25345219","-792621","-3.13","22554211","1.09",
"2022-03-31","Tesla, Inc. Common Stock","TSLA","NNM","25345219","25148408","196811","0.78","27007120","1",
"2022-03-15","Tesla, Inc. Common Stock","TSLA","NNM","25148408","24557958","590450","2.4","22743271","1.11",
"2022-02-28","Tesla, Inc. Common Stock","TSLA","NNM","24557958","24326020","231938","0.95","27432417","1",
"2022-02-15","Tesla, Inc. Common Stock","TSLA","NNM","24326020","24057278","268742","1.12","21954067","1.11",
"2022-01-31","Tesla, Inc. Common Stock","TSLA","NNM","24057278","22461226","1596052","7.11","34699686","1",
"2022-01-14","Tesla, Inc. Common Stock","TSLA","NNM","22461226","22471754","-10528","-0.05","28916727","1",
"2021-12-31","Tesla, Inc. Common Stock","TSLA","NNM","22471754","25817321","-3345567","-12.96","23331804","1",
"2021-12-15","Tesla, Inc. Common Stock","TSLA","NNM","25817321","26570674","-753353","-2.84","22805635","1.13",
"2021-11-30","Tesla, Inc. Common Stock","TSLA","NNM","26570674","25702669","868005","3.38","24911984","1.07",
"2021-11-15","Tesla, Inc. Common Stock","TSLA","NNM","25702669","28075921","-2373252","-8.45","36054532","1",
"2021-10-29","Tesla, Inc. Common Stock","TSLA","NNM","28075921","30337020","-2261099","-7.45","32901460","1",
"2021-10-15","Tesla, Inc. Common Stock","TSLA","NNM","30337020","29205723","1131297","3.87","17943717","1.69",
"2021-09-30","Tesla, Inc. Common Stock","TSLA","NNM","29205723","26999741","2205982","8.17","20300731","1.44",
"2021-09-15","Tesla, Inc. Common Stock","TSLA","NNM","26999741","27432219","-432478","-1.58","16561475","1.63",
"2021-08-31","Tesla, Inc. Common Stock","TSLA","NNM","27432219","26828057","604162","2.25","17361855","1.58",
"2021-08-13","Tesla, Inc. Common Stock","TSLA","NNM","26828057","29914139","-3086082","-10.32","17287331","1.55",
"2021-07-30","Tesla, Inc. Common Stock","TSLA","NNM","29914139","32355387","-2441248","-7.55","20929992","1.43",
"2021-07-15","Tesla, Inc. Common Stock","TSLA","NNM","32355387","34093281","-1737894","-5.1","21704535","1.49",
"2021-06-30","Tesla, Inc. Common Stock","TSLA","NNM","34093281","39363717","-5270436","-13.39","25464832","1.34",
"2021-06-15","Tesla, Inc. Common Stock","TSLA","NNM","39363717","40042086","-678369","-1.69","21688018","1.81","R"
"2021-05-28","Tesla, Inc. Common Stock","TSLA","NNM","40046181","39869947","176234","0.44","28281529","1.42",
"2021-05-14","Tesla, Inc. Common Stock","TSLA","NNM","39869947","41382433","-1512486","-3.65","28531060","1.4",
"2021-04-30","Tesla, Inc. Common Stock","TSLA","NNM","41382433","51176090","-9793657","-19.14","28138768","1.47",
"2021-04-15","Tesla, Inc. Common Stock","TSLA","NNM","51176090","46269602","4906488","10.6","29945470","1.71",
"2021-03-31","Tesla, Inc. Common Stock","TSLA","NNM","46269602","44732793","1536809","3.44","32738286","1.41",
"2021-03-15","Tesla, Inc. Common Stock","TSLA","NNM","44732793","44000524","732269","1.66","44095543","1.01",
"2021-02-26","Tesla, Inc. Common Stock","TSLA","NNM","44000524","47692184","-3691660","-7.74","29153754","1.51",
"2021-02-12","Tesla, Inc. Common Stock","TSLA","NNM","47692184","52379526","-4687342","-8.95","19512569","2.44",
"2021-01-29","Tesla, Inc. Common Stock","TSLA","NNM","52379526","56367815","-3988289","-7.08","23224100","2.26",
"2021-01-15","Tesla, Inc. Common Stock","TSLA","NNM","56367815","60620873","-4253058","-7.02","42129010","1.34",
"2020-12-31","Tesla, Inc. Common Stock","TSLA","NNM","60620873","45227476","15393397","34.04","53167583","1.14",
"2020-12-15","Tesla, Inc. Common Stock","TSLA","NNM","45227476","46499466","-1271990","-2.74","46979875","1",
"2020-11-30","Tesla, Inc. Common Stock","TSLA","NNM","46499466","47898025","-1398559","-2.92","45096494","1.03",
"2020-11-13","Tesla, Inc. Common Stock","TSLA","NNM","47898025","47802859","95166","0.2","24758305","1.93",
"2020-10-30","Tesla, Inc. Common Stock","TSLA","NNM","47802859","52955122","-5152263","-9.73","27762429","1.72","R"
"2020-10-15","Tesla, Inc. Common Stock","TSLA","NNM","52955116","57129067","-4173951","-7.31","40867643","1.3",
"2020-09-30","Tesla, Inc. Common Stock","TSLA","NNM","57129067","59043853","-1914786","-3.24","71127166","1",
"2020-09-15","Tesla, Inc. Common Stock","TSLA","NNM","59043853","54890314","4153539","7.57","80563900","1",
"2020-08-31","Tesla, Inc. Common Stock","TSLA","NNM","54890314","12312197","42578117","345.82","81436953","1","R"
"2020-08-14","Tesla, Inc. Common Stock","TSLA","NNM","12312197","11945253","366944","3.07","9531022","1.29",
"2020-07-31","Tesla, Inc. Common Stock","TSLA","NNM","11945253","12710428","-765175","-6.02","13614697","1",
"2020-07-15","Tesla, Inc. Common Stock","TSLA","NNM","12710428","13958518","-1248090","-8.94","18576281","1",
"2020-06-30","Tesla, Inc. Common Stock","TSLA","NNM","13958518","15139641","-1181123","-7.8","8451794","1.65",
"2020-06-15","Tesla, Inc. Common Stock","TSLA","NNM","15139641","16089116","-949475","-5.9","11793771","1.28",
"2020-05-29","Tesla, Inc. Common Stock","TSLA","NNM","16089116","16247057","-157941","-0.97","8629832","1.86",
"2020-05-15","Tesla, Inc. Common Stock","TSLA","NNM","16247057","17246592","-999535","-5.8","15668095","1.04","R"
"2020-04-30","Tesla, Inc. Common Stock","TSLA","NNM","17187415","20097889","-2910474","-14.48","14648991","1.17",
"2020-04-15","Tesla, Inc. Common Stock","TSLA","NNM","20097889","19687406","410483","2.09","16765664","1.2",
"2020-03-31","Tesla, Inc. Common Stock","TSLA","NNM","19687406","16158160","3529246","21.84","19216303","1.02",
"2020-03-13","Tesla, Inc. Common Stock","TSLA","NNM","16158160","16680531","-522371","-3.13","14915840","1.08",
"2020-02-28","Tesla, Inc. Common Stock","TSLA","NNM","16680531","18385351","-1704820","-9.27","18790064","1",
"2020-02-14","Tesla, Inc. Common Stock","TSLA","NNM","18385351","22752621","-4367270","-19.19","28730023","1",
"2020-01-31","Tesla, Inc. Common Stock","TSLA","NNM","22752621","24954265","-2201644","-8.82","17334224","1.31",
"2020-01-15","Tesla, Inc. Common Stock","TSLA","NNM","24954265","26259152","-1304887","-4.97","18352669","1.36",
"2019-12-31","Tesla, Inc. Common Stock","TSLA","NNM","26259152","27496754","-1237602","-4.5","11650978","2.25",
"2019-12-13","Tesla, Inc. Common Stock","TSLA","NNM","27496754","28651737","-1154983","-4.03","6204733","4.43",
"2019-11-29","Tesla, Inc. Common Stock","TSLA","NNM","28651737","30614501","-1962764","-6.41","7798493","3.67",
"2019-11-15","Tesla, Inc. Common Stock","TSLA","NNM","30614501","31784407","-1169906","-3.68","7972603","3.84",
"2019-10-31","Tesla, Inc. Common Stock","TSLA","NNM","31784407","37186793","-5402386","-14.53","12023858","2.64",
"2019-10-15","Tesla, Inc. Common Stock","TSLA","NNM","37186793","36058919","1127874","3.13","8256926","4.5",
"2019-09-30","Tesla, Inc. Common Stock","TSLA","NNM","36058919","38883688","-2824769","-7.26","7291443","4.95",
"2019-09-13","Tesla, Inc. Common Stock","TSLA","NNM","38883688","39744386","-860698","-2.17","6265064","6.21",
"2019-08-30","Tesla, Inc. Common Stock","TSLA","NNM","39744386","39296516","447870","1.14","5983580","6.64",
"2019-08-15","Tesla, Inc. Common Stock","TSLA","NNM","39296516","39486864","-190348","-0.48","6206713","6.33",
"2019-07-31","Tesla, Inc. Common Stock","TSLA","NNM","39486864","41406987","-1920123","-4.64","9307645","4.24",
"2019-07-15","Tesla, Inc. Common Stock","TSLA","NNM","41406987","41402709","4278","0.01","8771516","4.72",
"2019-06-28","Tesla, Inc. Common Stock","TSLA","NNM","41402709","41459902","-57193","-0.14","8529571","4.85",
"2019-06-14","Tesla, Inc. Common Stock","TSLA","NNM","41459902","43664833","-2204931","-5.05","12968616","3.2","R"
"2019-05-31","Tesla, Inc. Common Stock","TSLA","NNM","43626944","37569877","6057067","16.12","14894342","2.93",
"2019-05-15","Tesla, Inc. Common Stock","TSLA","NNM","37569877","37925793","-355916","-0.94","10801447","3.48",
"2019-04-30","Tesla, Inc. Common Stock","TSLA","NNM","37925793","33468438","4457355","13.32","12247699","3.1",
"2019-04-15","Tesla, Inc. Common Stock","TSLA","NNM","33468438","32740424","728014","2.22","9843321","3.4",
"2019-03-29","Tesla, Inc. Common Stock","TSLA","NNM","32740424","29872310","2868114","9.6","8278953","3.95",
"2019-03-15","Tesla, Inc. Common Stock","TSLA","NNM","29872310","26965480","2906830","10.78","11908629","2.51",
"2019-02-28","Tesla, Inc. Common Stock","TSLA","NNM","26965480","25490917","1474563","5.78","7859048","3.43",
"2019-02-15","Tesla, Inc. Common Stock","TSLA","NNM","25490917","24783245","707672","2.86","5972912","4.27",
"2019-01-31","Tesla, Inc. Common Stock","TSLA","NNM","24783245","26268029","-1484784","-5.65","9754695","2.54",
"2019-01-15","Tesla, Inc. Common Stock","TSLA","NNM","26268029","25571716","696313","2.72","6840591","3.84",
"2018-12-31","Tesla, Inc. Common Stock","TSLA","NNM","25571716","26646210","-1074494","-4.03","7867238","3.25",
"2018-12-14","Tesla, Inc. Common Stock","TSLA","NNM","26646210","27361651","-715441","-2.61","7530469","3.54",
"2018-11-30","Tesla, Inc. Common Stock","TSLA","NNM","27361651","28792194","-1430543","-4.97","6110314","4.48",
"2018-11-15","Tesla, Inc. Common Stock","TSLA","NNM","28792194","29931418","-1139224","-3.81","6547759","4.4",
"2018-10-31","Tesla, Inc. Common Stock","TSLA","NNM","29931418","34056805","-4125387","-12.11","13099206","2.28","R"
"2018-10-15","Tesla, Inc. Common Stock","TSLA","NNM","34057205","33611481","445724","1.33","11748424","2.9","R"
"2018-09-28","Tesla, Inc. Common Stock","TSLA","NNM","33633923","33459061","174862","0.52","10345288","3.25",
"2018-09-14","Tesla, Inc. Common Stock","TSLA","NNM","33459061","32843807","615254","1.87","10291531","3.25",
"2018-08-31","Tesla, Inc. Common Stock","TSLA","NNM","32843807","32720582","123225","0.38","9252052","3.55",
"2018-08-15","Tesla, Inc. Common Stock","TSLA","NNM","32720582","34989543","-2268961","-6.48","15118819","2.16",
"2018-07-31","Tesla, Inc. Common Stock","TSLA","NNM","34989543","34721889","267654","0.77","6788355","5.15",
"2018-07-13","Tesla, Inc. Common Stock","TSLA","NNM","34721889","34585642","136247","0.39","10103891","3.44","R"
"2018-06-29","Tesla, Inc. Common Stock","TSLA","NNM","34586884","37285669","-2698785","-7.24","8913280","3.88",
"2018-06-15","Tesla, Inc. Common Stock","TSLA","NNM","37285669","39075421","-1789752","-4.58","11315584","3.3",
"2018-05-31","Tesla, Inc. Common Stock","TSLA","NNM","39075421","38877084","198337","0.51","6238439","6.26",
"2018-05-15","Tesla, Inc. Common Stock","TSLA","NNM","38877084","39093198","-216114","-0.55","7904957","4.92",
"2018-04-30","Tesla, Inc. Common Stock","TSLA","NNM","39093198","38258654","834544","2.18","5381035","7.26",
"2018-04-13","Tesla, Inc. Common Stock","TSLA","NNM","38258654","31727162","6531492","20.59","13140900","2.91",
"2018-03-29","Tesla, Inc. Common Stock","TSLA","NNM","31727162","28382760","3344402","11.78","9433016","3.36",
"2018-03-15","Tesla, Inc. Common Stock","TSLA","NNM","28382760","28706891","-324131","-1.13","5720698","4.96",
"2018-02-28","Tesla, Inc. Common Stock","TSLA","NNM","28706891","29383992","-677101","-2.3","5108879","5.62",
"2018-02-15","Tesla, Inc. Common Stock","TSLA","NNM","29383992","29805706","-421714","-1.41","6211358","4.73",
"2018-01-31","Tesla, Inc. Common Stock","TSLA","NNM","29805706","30684061","-878355","-2.86","5674515","5.25",
"2018-01-12","Tesla, Inc. Common Stock","TSLA","NNM","30684061","30434366","249695","0.82","6245967","4.91",
"2017-12-29","Tesla, Inc. Common Stock","TSLA","NNM","30434366","31217095","-782729","-2.51","4898906","6.21",
